{
 "cells": [
  {
   "cell_type": "code",
   "execution_count": 364,
   "metadata": {},
   "outputs": [
    {
     "data": {
      "text/plain": [
       "0.3468446652009428"
      ]
     },
     "execution_count": 364,
     "metadata": {},
     "output_type": "execute_result"
    }
   ],
   "source": [
    "import numpy as np\n",
    "import pandas as pd\n",
    "import random\n",
    "random.uniform(0, 1)"
   ]
  },
  {
   "cell_type": "code",
   "execution_count": 462,
   "metadata": {},
   "outputs": [],
   "source": [
    "sequence=[0,1,2,3,4,3,2,1,0,4,3,2,1,2,3,4,3,2]\n",
    "sequence=np.array(sequence)\n",
    "intial=[0.05,0.5,0.3,0.05,1]\n",
    "intial=np.array(intial)"
   ]
  },
  {
   "cell_type": "code",
   "execution_count": 491,
   "metadata": {},
   "outputs": [],
   "source": [
    "### .............................................................Implementation of hidden markov model.................................................................\n",
    "## 3 Taks to train HMM\n",
    "  ## 1) Forward Algorithm\n",
    "  ## 2) Backward Algorithm\n",
    "  ## 3) Forward Backward Algorithm\n",
    "\n",
    "class HMM:\n",
    "    def __init__(self,sequence,initial_matrix,number_states=5,number_output=5,n_epochs=50):\n",
    "        self.seq=sequence\n",
    "        self.tras=np.random.uniform(0,1,(number_states,number_states))\n",
    "        #self.tras=np.zeros(shape=(number_states,number_states))\n",
    "        self.emiss=np.random.uniform(0,1,(number_states,number_output))\n",
    "        #self.emiss=np.zeros(shape=(number_states,number_output))\n",
    "        \n",
    "        self.iprob=initial_matrix\n",
    "        \n",
    "        self.states=number_states\n",
    "        \n",
    "        self.out=number_output\n",
    "        \n",
    "        self.epochs=n_epochs\n",
    "        \n",
    "        self.BDP=np.zeros(shape=(number_states,len(self.seq)))\n",
    "        \n",
    "        self.FDP=np.zeros(shape=(number_states,len(self.seq)))\n",
    "        \n",
    "        self.n_epochs=n_epochs\n",
    "        \n",
    "    def forward(self):                                                          \n",
    "        nstates=self.states                                                       \n",
    "        nlength=len(self.seq)                                                     \n",
    "        maxi=0\n",
    "        index=0                                                                     \n",
    "        for j in range(nlength):\n",
    "            for i in range(nstates):                         \n",
    "                if j==0:\n",
    "                    self.FDP[i][j]=self.iprob[i]*self.emiss[i][self.seq[j]]\n",
    "                else:\n",
    "                    for k in range(nstates):\n",
    "                        self.FDP[i][j]+=(self.FDP[k][j-1]*self.tras[k][i]*self.emiss[i][self.seq[j]])\n",
    "                    if j==nlength-1:\n",
    "                        if(self.FDP[i][j]>=maxi):\n",
    "                            maxi=self.FDP[i][j]\n",
    "                            index=i\n",
    "        tp=0.0\n",
    "        for i in range(nstates):\n",
    "            tp+=self.FDP[i][nlength-1]\n",
    "        return tp,maxi,index\n",
    "    \n",
    "    \n",
    "    def decoding(self):                                                           \n",
    "        nstates=self.states                                                       \n",
    "        nlength=len(self.seq)                                                     \n",
    "        tp,maxi,index=self.forward()\n",
    "        hstates=np.zeros(shape=(nlength))\n",
    "        for j in range(nlength-1,-1,-1):\n",
    "            hstates[j]=index\n",
    "            if(j==0):\n",
    "                break\n",
    "            for i in range(nstates):\n",
    "                self.FDP[index][j]==self.FDP[i][j-1]*self.tras[i][index]*self.emiss[index][self.seq[j]]\n",
    "                index=i\n",
    "                break\n",
    "        return hstates\n",
    "    \n",
    "        \n",
    "    def backward(self):\n",
    "        nstates=self.states                                                 \n",
    "        nlength=len(self.seq)                                                     \n",
    "        for j in range(nlength-1,-1,-1):\n",
    "            for i in range(nstates):\n",
    "                if(j==nlength-1):\n",
    "                    self.BDP[i][j]=1.0\n",
    "                else:\n",
    "                    for k in range(nstates):\n",
    "                        self.BDP[i][j]+=(self.tras[i][k]*self.emiss[k][self.seq[j+1]]*self.BDP[k][j+1])\n",
    "                   \n",
    "                \n",
    "    def not_quite(self,time,curr_state,next_state):\n",
    "        #self.forward()\n",
    "        #self.backward()\n",
    "        \n",
    "        nstates=self.states                                                 \n",
    "        nlength=len(self.seq)\n",
    "        deno=0.00000000001\n",
    "        for i in range(nstates):\n",
    "            deno=self.FDP[i][time]*self.BDP[i][time]\n",
    "        numo=self.FDP[curr_state][time]*self.tras[curr_state][next_state]*self.emiss[next_state][self.seq[time+1]]*self.BDP[next_state][time+1]\n",
    "        return numo/deno\n",
    "    \n",
    "    \n",
    "    \n",
    "    def corrected_transition(self):\n",
    "        nstates=self.states                                                 \n",
    "        nlength=len(self.seq)\n",
    "        \n",
    "        for i in  range(nstates):\n",
    "            for j in range(nstates):\n",
    "                numo=0\n",
    "                deno=0.00000000001\n",
    "                for time in range(nlength-1):\n",
    "                    numo+=self.not_quite(time,i,j)\n",
    "                    for state in range(nstates):\n",
    "                        deno+=self.not_quite(time,i,state)\n",
    "                self.tras[i][j]=numo/deno\n",
    "    \n",
    "    \n",
    "    def not_quite2(self,time,state):\n",
    "        nstates=self.states                                                 \n",
    "        nlength=len(self.seq)\n",
    "        deno=0.00000000001\n",
    "        for ti in range(nstates):\n",
    "            deno+=self.FDP[state][ti]*self.BDP[state][ti]\n",
    "        return self.FDP[state][time]*self.BDP[state][time]/deno\n",
    "    \n",
    "    \n",
    "    def corrected_emmision(self):\n",
    "        nstates=self.states                                                 \n",
    "        nlength=len(self.seq)\n",
    "        nout=self.out\n",
    "        for states in (range(nstates)):\n",
    "            for out in (range(nout)):\n",
    "                numo=0\n",
    "                deno=0.00000000001\n",
    "                for time in range(nlength):\n",
    "                    if(self.seq[time]==out):\n",
    "                        numo+=self.not_quite2(time,states)\n",
    "                    deno+=self.not_quite2(time,states)\n",
    "                self.emiss[states][out]=numo/deno\n",
    "            \n",
    "            \n",
    "    def train(self):\n",
    "        for epoch in range(self.n_epochs):\n",
    "            print(\"Epoc no : {} Traning\".format(epoch))\n",
    "            self.forward()\n",
    "            self.backward()\n",
    "            self.corrected_transition()\n",
    "            self.corrected_emmision()\n",
    "            print(\"Transition Matrix\")\n",
    "            print(self.tras)\n",
    "            print(\"Emmission Matrix\")\n",
    "            print(self.emiss)"
   ]
  },
  {
   "cell_type": "code",
   "execution_count": 492,
   "metadata": {},
   "outputs": [],
   "source": [
    "# deno+=self.not_quite(time,i,states)"
   ]
  },
  {
   "cell_type": "code",
   "execution_count": 493,
   "metadata": {},
   "outputs": [],
   "source": [
    "hm=HMM(sequence,intial)"
   ]
  },
  {
   "cell_type": "code",
   "execution_count": 494,
   "metadata": {},
   "outputs": [
    {
     "name": "stdout",
     "output_type": "stream",
     "text": [
      "Epoc no : 0 Traning\n",
      "Transition Matrix\n",
      "[[0.3728767  0.33680136 0.21691141 0.17142856 0.25284134]\n",
      " [0.23201574 0.00589585 0.0702275  0.39532381 0.65887524]\n",
      " [0.18929294 0.11334178 0.07060046 0.27883752 0.68469697]\n",
      " [0.36114297 0.218411   0.33877167 0.03238399 0.36067872]\n",
      " [0.22646065 0.29169317 0.07225965 0.16631573 0.56175767]]\n",
      "Emmission Matrix\n",
      "[[0.02650565 0.07182246 0.47641198 0.25282905 0.17243086]\n",
      " [0.24384965 0.12656795 0.01086016 0.51812572 0.10059652]\n",
      " [0.18418988 0.17897628 0.20108045 0.39432794 0.04142545]\n",
      " [0.08153574 0.20005885 0.24271026 0.1968639  0.27883125]\n",
      " [0.04944027 0.26106042 0.39493615 0.07541245 0.21915071]]\n",
      "Epoc no : 1 Traning\n",
      "Transition Matrix\n",
      "[[0.3553676  0.15298579 0.14907821 0.14719865 0.27739214]\n",
      " [0.18213048 0.00157255 0.03069223 0.27652369 0.60836521]\n",
      " [0.16099626 0.03051096 0.0353212  0.1985065  0.66701415]\n",
      " [0.34337889 0.11346314 0.22504977 0.02762832 0.36474224]\n",
      " [0.18055062 0.25483366 0.06074875 0.11571845 0.46074664]]\n",
      "Emmission Matrix\n",
      "[[0.02052532 0.07348355 0.48226046 0.25779509 0.16593559]\n",
      " [0.16793545 0.13572666 0.01095124 0.59731715 0.08806949]\n",
      " [0.12128061 0.18829495 0.20999867 0.44272246 0.03770331]\n",
      " [0.05931838 0.2079977  0.25238254 0.20125777 0.27904361]\n",
      " [0.03353371 0.25966109 0.42475584 0.07743049 0.20461887]]\n",
      "Epoc no : 2 Traning\n",
      "Transition Matrix\n",
      "[[3.80634445e-01 8.15420313e-02 1.10166443e-01 1.34923073e-01\n",
      "  3.13374000e-01]\n",
      " [1.65729717e-01 4.71021114e-04 1.55592092e-02 2.33108541e-01\n",
      "  6.27439185e-01]\n",
      " [1.51291162e-01 8.85960196e-03 1.92235085e-02 1.60903767e-01\n",
      "  7.01652207e-01]\n",
      " [3.68483970e-01 7.15761369e-02 1.67281384e-01 2.53390427e-02\n",
      "  3.83841372e-01]\n",
      " [1.69294413e-01 2.74484668e-01 5.84819595e-02 9.21039781e-02\n",
      "  4.11601908e-01]]\n",
      "Emmission Matrix\n",
      "[[0.01773284 0.07453633 0.48077282 0.26856894 0.15838907]\n",
      " [0.13832334 0.13663594 0.01019754 0.63918724 0.07565594]\n",
      " [0.09737359 0.19013469 0.20366815 0.47577616 0.03304741]\n",
      " [0.05190178 0.2115518  0.25432364 0.20619581 0.27602697]\n",
      " [0.02530654 0.25095191 0.44715255 0.07771979 0.19886921]]\n",
      "Epoc no : 3 Traning\n",
      "Transition Matrix\n",
      "[[4.04344273e-01 4.40584312e-02 7.94570545e-02 1.24988294e-01\n",
      "  3.57522452e-01]\n",
      " [1.48357373e-01 1.36982134e-04 7.77859984e-03 2.05895513e-01\n",
      "  6.70841019e-01]\n",
      " [1.37433392e-01 2.48976282e-03 1.00579655e-02 1.33594749e-01\n",
      "  7.50148371e-01]\n",
      " [3.96113088e-01 4.74638772e-02 1.25542344e-01 2.37514475e-02\n",
      "  4.12736871e-01]\n",
      " [1.63741476e-01 3.11086346e-01 5.81525730e-02 7.69795093e-02\n",
      "  3.78388925e-01]]\n",
      "Emmission Matrix\n",
      "[[0.01571052 0.07647694 0.47403057 0.28348469 0.15029728]\n",
      " [0.12106439 0.13576736 0.00915936 0.6699004  0.06410849]\n",
      " [0.08487551 0.1913104  0.19155848 0.50347384 0.02878177]\n",
      " [0.04717663 0.21534069 0.25270875 0.21170499 0.27306894]\n",
      " [0.02017717 0.23935462 0.46420568 0.07619429 0.20006823]]\n",
      "Epoc no : 4 Traning\n",
      "Transition Matrix\n",
      "[[4.09439466e-01 2.26683292e-02 5.39474659e-02 1.15236839e-01\n",
      "  4.14807302e-01]\n",
      " [1.23743499e-01 3.63246776e-05 3.62181819e-03 1.81365289e-01\n",
      "  7.27061696e-01]\n",
      " [1.15767193e-01 6.56533895e-04 4.89999071e-03 1.09984376e-01\n",
      "  8.03437934e-01]\n",
      " [4.08653812e-01 3.09921708e-02 9.12932752e-02 2.23873933e-02\n",
      "  4.57660274e-01]\n",
      " [1.56804555e-01 3.50507000e-01 5.79387371e-02 6.61084520e-02\n",
      "  3.56505273e-01]]\n",
      "Emmission Matrix\n",
      "[[0.0142315  0.07937652 0.46249205 0.30186308 0.14203684]\n",
      " [0.10789305 0.13477198 0.00797884 0.69619158 0.05316455]\n",
      " [0.07721199 0.1931223  0.17694332 0.52764208 0.02508031]\n",
      " [0.04417527 0.21953521 0.2486383  0.21725164 0.27039957]\n",
      " [0.0164307  0.2255143  0.47726358 0.07287361 0.20791781]]\n",
      "Epoc no : 5 Traning\n",
      "Transition Matrix\n",
      "[[3.86080022e-01 1.05887176e-02 3.34991328e-02 1.04246707e-01\n",
      "  4.95391349e-01]\n",
      " [9.35053465e-02 8.41184268e-06 1.52046971e-03 1.54062805e-01\n",
      "  7.91275221e-01]\n",
      " [8.84094905e-02 1.61101141e-04 2.20649222e-03 8.80178810e-02\n",
      "  8.56962804e-01]\n",
      " [3.92805968e-01 1.89673398e-02 6.22267176e-02 2.08905725e-02\n",
      "  5.30584986e-01]\n",
      " [1.46536395e-01 3.83713842e-01 5.73460269e-02 5.79980795e-02\n",
      "  3.48624537e-01]]\n",
      "Emmission Matrix\n",
      "[[0.01327114 0.08314881 0.4466069  0.32333792 0.13363523]\n",
      " [0.09703355 0.13421383 0.00671881 0.71930649 0.04272732]\n",
      " [0.07281204 0.19590116 0.16097913 0.54850397 0.0218037 ]\n",
      " [0.04274376 0.22429063 0.24280662 0.22285701 0.26730198]\n",
      " [0.0135059  0.20973682 0.48693739 0.06800064 0.22181925]]\n",
      "Epoc no : 6 Traning\n",
      "Transition Matrix\n",
      "[[3.29073139e-01 4.26729063e-03 1.82960079e-02 8.96780979e-02\n",
      "  6.08092158e-01]\n",
      " [6.26123609e-02 1.65398983e-06 5.63285144e-04 1.22058611e-01\n",
      "  8.56625867e-01]\n",
      " [6.02303220e-02 3.73139801e-05 9.28243207e-04 6.74493378e-02\n",
      "  9.04549088e-01]\n",
      " [3.38643946e-01 1.02965008e-02 3.80352507e-02 1.86475063e-02\n",
      "  6.41021743e-01]\n",
      " [1.32546223e-01 4.04606236e-01 5.62723419e-02 5.16948548e-02\n",
      "  3.58224197e-01]]\n",
      "Emmission Matrix\n",
      "[[0.01289189 0.0877407  0.42678826 0.3478836  0.12469556]\n",
      " [0.08832852 0.13426311 0.00544657 0.73893699 0.03302481]\n",
      " [0.07123869 0.19974391 0.14404304 0.56620198 0.01877237]\n",
      " [0.04312559 0.23032386 0.23547074 0.2291876  0.26189222]\n",
      " [0.01120147 0.19276891 0.49333107 0.0620671  0.24063144]]\n",
      "Epoc no : 7 Traning\n",
      "Transition Matrix\n",
      "[[2.43584000e-01 1.40163167e-03 8.32739471e-03 6.91686803e-02\n",
      "  7.44799032e-01]\n",
      " [3.65850072e-02 2.76043733e-07 1.83410381e-04 8.75531667e-02\n",
      "  9.13281825e-01]\n",
      " [3.64279126e-02 8.54696881e-06 3.78769999e-04 4.93790462e-02\n",
      "  9.40548068e-01]\n",
      " [2.48975646e-01 4.62910927e-03 1.96011933e-02 1.48947283e-02\n",
      "  7.76774383e-01]\n",
      " [1.15068262e-01 4.10128757e-01 5.46821696e-02 4.62889176e-02\n",
      "  3.87288870e-01]]\n",
      "Emmission Matrix\n",
      "[[0.01323392 0.09323362 0.40315352 0.37584797 0.11453097]\n",
      " [0.08191773 0.13481735 0.00424558 0.75454056 0.02447877]\n",
      " [0.07221636 0.20454384 0.12639569 0.5809668  0.01587731]\n",
      " [0.0459413  0.23901671 0.22632096 0.23750147 0.25121956]\n",
      " [0.00943892 0.17592319 0.49635794 0.05574104 0.26253891]]\n",
      "Epoc no : 8 Traning\n",
      "Transition Matrix\n",
      "[[1.51210359e-01 3.60809479e-04 3.01381226e-03 4.45837609e-02\n",
      "  8.68192226e-01]\n",
      " [1.86015924e-02 4.05604605e-08 5.36162906e-05 5.59157715e-02\n",
      "  9.53794567e-01]\n",
      " [1.98446475e-02 2.08232096e-06 1.59966518e-04 3.52810856e-02\n",
      "  9.63445307e-01]\n",
      " [1.49798193e-01 1.63705485e-03 8.12232207e-03 9.87545261e-03\n",
      "  8.92724665e-01]\n",
      " [9.50917221e-02 4.00490024e-01 5.25598180e-02 4.09844471e-02\n",
      "  4.34003690e-01]]\n",
      "Emmission Matrix\n",
      "[[0.01446765 0.09980121 0.37560782 0.40748017 0.10264315]\n",
      " [0.07779957 0.13561002 0.00319836 0.76590889 0.01748316]\n",
      " [0.07528606 0.20995084 0.10856367 0.59308148 0.01311795]\n",
      " [0.05193618 0.25176455 0.21463489 0.24895952 0.23270486]\n",
      " [0.00819814 0.16087738 0.49621332 0.0497472  0.28496397]]\n",
      "Epoc no : 9 Traning\n",
      "Transition Matrix\n",
      "[[7.85608872e-02 7.45970929e-05 8.74220066e-04 2.32360755e-02\n",
      "  9.44557894e-01]\n",
      " [8.33009803e-03 5.57937973e-09 1.46649382e-05 3.18958355e-02\n",
      "  9.77749256e-01]\n",
      " [1.01093128e-02 5.77701736e-07 7.49633229e-05 2.58219380e-02\n",
      "  9.75721976e-01]\n",
      " [7.41533406e-02 4.70133449e-04 2.80095648e-03 5.36603078e-03\n",
      "  9.57659086e-01]\n",
      " [7.46903671e-02 3.79734248e-01 5.00671399e-02 3.54831750e-02\n",
      "  4.89924528e-01]]\n",
      "Emmission Matrix\n",
      "[[0.01663148 0.10738195 0.3447829  0.44177357 0.0894301 ]\n",
      " [0.07573759 0.13639274 0.00235794 0.77332013 0.01219159]\n",
      " [0.07973872 0.21545885 0.09141464 0.60280742 0.01058036]\n",
      " [0.06120802 0.2685549  0.20008049 0.26333154 0.20682505]\n",
      " [0.00747265 0.14923676 0.49371134 0.04470513 0.30487412]]\n",
      "Epoc no : 10 Traning\n",
      "Transition Matrix\n",
      "[[3.52637829e-02 1.34702277e-05 2.17066016e-04 1.00221133e-02\n",
      "  9.79357838e-01]\n",
      " [3.36573477e-03 7.60415598e-10 3.91469975e-06 1.66519477e-02\n",
      "  9.89862099e-01]\n",
      " [5.07477984e-03 1.88309807e-07 4.06065470e-05 2.05253549e-02\n",
      "  9.81028872e-01]\n",
      " [3.17545013e-02 1.21922271e-04 8.95895633e-04 2.55943602e-03\n",
      "  9.84580908e-01]\n",
      " [5.65546034e-02 3.55413089e-01 4.76922344e-02 3.02614140e-02\n",
      "  5.40913576e-01]]\n",
      "Emmission Matrix\n",
      "[[0.01950842 0.11545441 0.31282846 0.47606417 0.07614454]\n",
      " [0.07533174 0.13710203 0.00173002 0.77738965 0.00844656]\n",
      " [0.08481109 0.22065795 0.07591596 0.61024173 0.00837327]\n",
      " [0.07278033 0.28763354 0.18346082 0.2787838  0.1773415 ]\n",
      " [0.00721792 0.14192891 0.49015026 0.04092286 0.31978005]]\n",
      "Epoc no : 11 Traning\n",
      "Transition Matrix\n",
      "[[1.42276025e-02 2.31137111e-06 4.96671048e-05 3.75885886e-03\n",
      "  9.92771806e-01]\n",
      " [1.26243316e-03 1.05780501e-10 1.04582063e-06 8.23341945e-03\n",
      "  9.95435883e-01]\n",
      " [2.62558185e-03 7.12804059e-08 2.53838165e-05 1.83649683e-02\n",
      "  9.82157487e-01]\n",
      " [1.25143780e-02 3.15743892e-05 2.94434490e-04 1.18339279e-03\n",
      "  9.94373629e-01]\n",
      " [4.25083095e-02 3.35602783e-01 4.61049495e-02 2.61033997e-02\n",
      "  5.74928111e-01]]\n",
      "Emmission Matrix\n",
      "[[0.0227488  0.12337344 0.28256887 0.50734096 0.06396795]\n",
      " [0.07613745 0.13788236 0.00128202 0.77879966 0.0058985 ]\n",
      " [0.08993695 0.22545877 0.06271554 0.61533241 0.00655633]\n",
      " [0.08523229 0.30689856 0.1663716  0.29315112 0.14834642]\n",
      " [0.00733611 0.13879854 0.48682426 0.03827422 0.32876687]]\n",
      "Epoc no : 12 Traning\n",
      "Transition Matrix\n",
      "[[5.33454596e-03 3.96416377e-07 1.10137464e-05 1.28846543e-03\n",
      "  9.97546889e-01]\n",
      " [4.49927756e-04 1.50506305e-11 2.80685047e-07 3.95594127e-03\n",
      "  9.97934555e-01]\n",
      " [1.42763637e-03 3.01927605e-08 1.77509235e-05 1.84685626e-02\n",
      "  9.80640075e-01]\n",
      " [4.78402823e-03 8.61104057e-06 1.04805360e-04 5.74001350e-04\n",
      "  9.97846882e-01]\n",
      " [3.26476168e-02 3.25131194e-01 4.57796589e-02 2.34012090e-02\n",
      "  5.88703302e-01]]\n",
      "Emmission Matrix\n",
      "[[0.02605519 0.13076859 0.25608819 0.53361224 0.0534758 ]\n",
      " [0.07780002 0.13897629 0.00096732 0.77807575 0.00418061]\n",
      " [0.09485438 0.23008054 0.05191421 0.61803588 0.00511499]\n",
      " [0.09743952 0.32504722 0.15025502 0.30497728 0.12228096]\n",
      " [0.00771133 0.13886629 0.48464155 0.03633295 0.33244789]]\n",
      "Epoc no : 13 Traning\n",
      "Transition Matrix\n",
      "[[1.90408106e-03 6.90823025e-08 2.42166265e-06 4.19087742e-04\n",
      "  9.99182445e-01]\n",
      " [1.54540858e-04 2.15943601e-12 7.48671345e-08 1.86436594e-03\n",
      "  9.99067331e-01]\n",
      " [8.12991537e-04 1.37195337e-08 1.33384962e-05 2.03398559e-02\n",
      "  9.77173125e-01]\n",
      " [1.83320902e-03 2.49898691e-06 4.07141769e-05 3.02773730e-04\n",
      "  9.99120337e-01]\n",
      " [2.59954719e-02 3.24499072e-01 4.67933724e-02 2.20753595e-02\n",
      "  5.86340235e-01]]\n",
      "Emmission Matrix\n",
      "[[2.92599944e-02 1.37599647e-01 2.34161971e-01 5.54255957e-01\n",
      "  4.47224308e-02]\n",
      " [8.01456945e-02 1.40617122e-01 7.44191648e-04 7.75485596e-01\n",
      "  3.00739668e-03]\n",
      " [9.95815205e-02 2.34891816e-01 4.32081798e-02 6.18328956e-01\n",
      "  3.98952803e-03]\n",
      " [1.08875229e-01 3.41729619e-01 1.35794716e-01 3.13700907e-01\n",
      "  9.98995294e-02]\n",
      " [8.24973848e-03 1.40957276e-01 4.84032649e-01 3.46327080e-02\n",
      "  3.32127628e-01]]\n",
      "Epoc no : 14 Traning\n",
      "Transition Matrix\n",
      "[[6.56421343e-04 1.21583581e-08 5.28941730e-07 1.32060895e-04\n",
      "  9.99731849e-01]\n",
      " [5.15024711e-05 3.06180386e-13 1.95006437e-08 8.58408666e-04\n",
      "  9.99587403e-01]\n",
      " [4.77752017e-04 6.44529477e-09 1.03752029e-05 2.37251377e-02\n",
      "  9.72147252e-01]\n",
      " [7.13070772e-04 7.61672917e-07 1.69707299e-05 1.73739216e-04\n",
      "  9.99615480e-01]\n",
      " [2.14374798e-02 3.31202974e-01 4.89059017e-02 2.18552794e-02\n",
      "  5.74674396e-01]]\n",
      "Emmission Matrix\n",
      "[[3.23138783e-02 1.44007519e-01 2.16569727e-01 5.69607633e-01\n",
      "  3.75012431e-02]\n",
      " [8.31931898e-02 1.42991470e-01 5.82327828e-04 7.71044719e-01\n",
      "  2.18829312e-03]\n",
      " [1.04339499e-01 2.40279269e-01 3.61631348e-02 6.16105558e-01\n",
      "  3.11253882e-03]\n",
      " [1.19561815e-01 3.57141924e-01 1.22975076e-01 3.19309425e-01\n",
      "  8.10117595e-02]\n",
      " [8.89388680e-03 1.44141776e-01 4.85034235e-01 3.28375336e-02\n",
      "  3.29092569e-01]]\n",
      "Epoc no : 15 Traning\n",
      "Transition Matrix\n",
      "[[2.20075283e-04 2.12529858e-09 1.13625277e-07 4.05742261e-05\n",
      "  9.99913712e-01]\n",
      " [1.66956644e-05 4.20524665e-14 4.86868992e-09 3.81899051e-04\n",
      "  9.99824645e-01]\n",
      " [2.84705181e-04 3.04076296e-09 8.10187562e-06 2.83901270e-02\n",
      "  9.66041179e-01]\n",
      " [2.81273144e-04 2.38735037e-07 7.40190431e-06 1.06532111e-04\n",
      "  9.99820398e-01]\n",
      " [1.81318512e-02 3.41359197e-01 5.17225951e-02 2.24724973e-02\n",
      "  5.60310352e-01]]\n",
      "Emmission Matrix\n",
      "[[3.52396989e-02 1.50158744e-01 2.02650629e-01 5.80412108e-01\n",
      "  3.15388201e-02]\n",
      " [8.71049830e-02 1.46233860e-01 4.61944973e-04 7.64594799e-01\n",
      "  1.60441353e-03]\n",
      " [1.09465216e-01 2.46584878e-01 3.03933921e-02 6.11128656e-01\n",
      "  2.42785789e-03]\n",
      " [1.29905929e-01 3.71591576e-01 1.11429569e-01 3.21952360e-01\n",
      "  6.51205658e-02]\n",
      " [9.62019893e-03 1.47889887e-01 4.87410941e-01 3.07906383e-02\n",
      "  3.24288334e-01]]\n",
      "Epoc no : 16 Traning\n",
      "Transition Matrix\n",
      "[[7.19513818e-05 3.62177215e-10 2.36730865e-08 1.21225088e-05\n",
      "  9.99972848e-01]\n",
      " [5.27196726e-06 5.50550380e-15 1.14679188e-09 1.62079714e-04\n",
      "  9.99929541e-01]\n",
      " [1.69309522e-04 1.40937898e-09 6.20154591e-06 3.39038085e-02\n",
      "  9.59671792e-01]\n",
      " [1.11716542e-04 7.53961221e-08 3.29702674e-06 6.81880810e-05\n",
      "  9.99910485e-01]\n",
      " [1.55470371e-02 3.50949215e-01 5.48208059e-02 2.37128049e-02\n",
      "  5.48351936e-01]]\n",
      "Emmission Matrix\n",
      "[[3.80870405e-02 1.56148456e-01 1.91703953e-01 5.87473908e-01\n",
      "  2.65866422e-02]\n",
      " [9.21160222e-02 1.50408928e-01 3.70661730e-04 7.55922155e-01\n",
      "  1.18223343e-03]\n",
      " [1.15329765e-01 2.54068619e-01 2.56175686e-02 6.03090626e-01\n",
      "  1.89342074e-03]\n",
      " [1.40557920e-01 3.85227388e-01 1.00741066e-01 3.21728793e-01\n",
      "  5.17448324e-02]\n",
      " [1.04346645e-02 1.52070651e-01 4.90759642e-01 2.84920199e-02\n",
      "  3.18243023e-01]]\n",
      "Epoc no : 17 Traning\n",
      "Transition Matrix\n",
      "[[2.29844061e-05 5.92482564e-11 4.72269448e-09 3.49818339e-06\n",
      "  9.99991647e-01]\n",
      " [1.62513349e-06 6.79614502e-16 2.51981392e-10 6.48597741e-05\n",
      "  9.99973543e-01]\n",
      " [9.91174905e-05 6.31207849e-10 4.56849972e-06 3.94691460e-02\n",
      "  9.54286739e-01]\n",
      " [4.43169317e-05 2.36065339e-08 1.47031724e-06 4.45380728e-05\n",
      "  9.99952665e-01]\n",
      " [1.33867591e-02 3.56778370e-01 5.78274938e-02 2.54035083e-02\n",
      "  5.41937194e-01]]\n",
      "Emmission Matrix\n",
      "[[4.08984101e-02 1.61954297e-01 1.83184759e-01 5.91514931e-01\n",
      "  2.24476023e-02]\n",
      " [9.84681063e-02 1.55473801e-01 3.00681755e-04 7.44882662e-01\n",
      "  8.74749106e-04]\n",
      " [1.22274980e-01 2.62863088e-01 2.16438095e-02 5.91740536e-01\n",
      "  1.47758634e-03]\n",
      " [1.52314044e-01 3.97910345e-01 9.06122762e-02 3.18640915e-01\n",
      "  4.05224202e-02]\n",
      " [1.13698076e-02 1.56872899e-01 4.94593112e-01 2.60416536e-02\n",
      "  3.11122528e-01]]\n",
      "Epoc no : 18 Traning\n",
      "Transition Matrix\n",
      "[[7.19750042e-06 9.20759446e-12 8.93643288e-10 9.66959617e-07\n",
      "  9.99997479e-01]\n",
      " [4.90919240e-07 7.85840501e-17 5.13033378e-11 2.42358121e-05\n",
      "  9.99990795e-01]\n",
      " [5.64831395e-05 2.69539695e-10 3.19294076e-06 4.38780182e-02\n",
      "  9.51424287e-01]\n",
      " [1.74405862e-05 7.24253418e-09 6.46777582e-07 2.90969970e-05\n",
      "  9.99973840e-01]\n",
      " [1.15075124e-02 3.57078652e-01 6.04580980e-02 2.73837687e-02\n",
      "  5.42253863e-01]]\n",
      "Emmission Matrix\n",
      "[[4.36884104e-02 1.67428144e-01 1.76757434e-01 5.93152864e-01\n",
      "  1.89731480e-02]\n",
      " [1.06364302e-01 1.61239313e-01 2.46836211e-04 7.31499344e-01\n",
      "  6.50204362e-04]\n",
      " [1.30578763e-01 2.72913396e-01 1.83343472e-02 5.77018475e-01\n",
      "  1.15501942e-03]\n",
      " [1.66026286e-01 4.09181545e-01 8.09259775e-02 3.12661458e-01\n",
      "  3.12047339e-02]\n",
      " [1.24805742e-02 1.62678740e-01 4.98402160e-01 2.35742846e-02\n",
      "  3.02864241e-01]]\n",
      "Epoc no : 19 Traning\n"
     ]
    },
    {
     "name": "stdout",
     "output_type": "stream",
     "text": [
      "Transition Matrix\n",
      "[[2.22131320e-06 1.35119035e-12 1.59384713e-10 2.53757443e-07\n",
      "  9.99999248e-01]\n",
      " [1.46115580e-07 8.47370364e-18 9.64397077e-12 8.38468574e-06\n",
      "  9.99997056e-01]\n",
      " [3.10449456e-05 1.08428686e-10 2.09244902e-06 4.57051195e-02\n",
      "  9.52463733e-01]\n",
      " [6.77765050e-06 2.15880857e-09 2.77623386e-07 1.86835445e-05\n",
      "  9.99985249e-01]\n",
      " [9.85318038e-03 3.51624913e-01 6.25277508e-02 2.94788794e-02\n",
      "  5.48896408e-01]]\n",
      "Emmission Matrix\n",
      "[[4.64353004e-02 1.72318500e-01 1.72267696e-01 5.92927312e-01\n",
      "  1.60511908e-02]\n",
      " [1.15946040e-01 1.67353927e-01 2.05431018e-04 7.16008562e-01\n",
      "  4.86040356e-04]\n",
      " [1.40450823e-01 2.83906884e-01 1.55779950e-02 5.59159878e-01\n",
      "  9.04420514e-04]\n",
      " [1.82474730e-01 4.18316553e-01 7.17287983e-02 3.03869716e-01\n",
      "  2.36102031e-02]\n",
      " [1.38379008e-02 1.69923160e-01 5.01689271e-01 2.12087235e-02\n",
      "  2.93340945e-01]]\n",
      "Epoc no : 20 Traning\n",
      "Transition Matrix\n",
      "[[6.80537421e-07 1.86620265e-13 2.66752634e-11 6.26135778e-08\n",
      "  9.99999776e-01]\n",
      " [4.31398824e-08 8.48094171e-19 1.66975352e-12 2.66368944e-06\n",
      "  9.99999141e-01]\n",
      " [1.63401316e-05 4.05939302e-11 1.27251068e-06 4.38048796e-02\n",
      "  9.57930363e-01]\n",
      " [2.59416891e-06 6.20641490e-10 1.15313727e-07 1.16069173e-05\n",
      "  9.99991748e-01]\n",
      " [8.40975304e-03 3.41429374e-01 6.39422563e-02 3.14885072e-02\n",
      "  5.60405456e-01]]\n",
      "Emmission Matrix\n",
      "[[4.90837141e-02 1.76315961e-01 1.69676374e-01 5.91329897e-01\n",
      "  1.35940541e-02]\n",
      " [1.27288136e-01 1.73324750e-01 1.73652303e-04 6.98847674e-01\n",
      "  3.65788635e-04]\n",
      " [1.52052337e-01 2.95203980e-01 1.32794973e-02 5.38756098e-01\n",
      "  7.08087380e-04]\n",
      " [2.02183212e-01 4.24471824e-01 6.31712629e-02 2.92599939e-01\n",
      "  1.75737616e-02]\n",
      " [1.55204663e-02 1.78972564e-01 5.03977222e-01 1.90231288e-02\n",
      "  2.82506619e-01]]\n",
      "Epoc no : 21 Traning\n",
      "Transition Matrix\n",
      "[[2.08746375e-07 2.42077720e-14 4.17247637e-12 1.43746473e-08\n",
      "  9.99999933e-01]\n",
      " [1.27334358e-08 7.82892512e-20 2.65504989e-13 7.70471896e-07\n",
      "  9.99999773e-01]\n",
      " [8.19828442e-06 1.39663186e-11 7.11124130e-07 3.79687544e-02\n",
      "  9.66917965e-01]\n",
      " [9.77233908e-07 1.70786041e-10 4.59928029e-08 6.87323584e-06\n",
      "  9.99995543e-01]\n",
      " [7.17749193e-03 3.28233103e-01 6.46726099e-02 3.31922505e-02\n",
      "  5.74840412e-01]]\n",
      "Emmission Matrix\n",
      "[[5.15565003e-02 1.79111242e-01 1.68983703e-01 5.88818757e-01\n",
      "  1.15297974e-02]\n",
      " [1.40405733e-01 1.78575839e-01 1.49279099e-04 6.80591788e-01\n",
      "  2.77360825e-04]\n",
      " [1.65528948e-01 3.05805369e-01 1.13609287e-02 5.16752429e-01\n",
      "  5.52324822e-04]\n",
      " [2.25230046e-01 4.26903044e-01 5.54334458e-02 2.79520920e-01\n",
      "  1.29125446e-02]\n",
      " [1.76050822e-02 1.90037687e-01 5.04812349e-01 1.70533100e-02\n",
      "  2.70491572e-01]]\n",
      "Epoc no : 22 Traning\n",
      "Transition Matrix\n",
      "[[6.47114975e-08 2.94439537e-15 6.07242730e-13 3.03791636e-09\n",
      "  9.99999979e-01]\n",
      " [3.79045662e-09 6.61212354e-21 3.86025692e-14 2.01214091e-07\n",
      "  9.99999946e-01]\n",
      " [3.91721444e-06 4.36128855e-12 3.61721252e-07 2.93112371e-02\n",
      "  9.77217901e-01]\n",
      " [3.62715569e-07 4.45844323e-11 1.74640688e-08 3.82395228e-06\n",
      "  9.99997731e-01]\n",
      " [6.15619988e-03 3.14005341e-01 6.47233424e-02 3.43704186e-02\n",
      "  5.90257199e-01]]\n",
      "Emmission Matrix\n",
      "[[5.37729326e-02 1.80453941e-01 1.70160491e-01 5.85815455e-01\n",
      "  9.79718086e-03]\n",
      " [1.55269490e-01 1.82531226e-01 1.30532834e-04 6.61856814e-01\n",
      "  2.11937614e-04]\n",
      " [1.81039476e-01 3.14426329e-01 9.76451796e-03 4.94342058e-01\n",
      "  4.27618838e-04]\n",
      " [2.51185623e-01 4.25168943e-01 4.86589800e-02 2.65570362e-01\n",
      "  9.41609209e-03]\n",
      " [2.01554536e-02 2.03120384e-01 5.03785016e-01 1.53035943e-02\n",
      "  2.57635551e-01]]\n",
      "Epoc no : 23 Traning\n",
      "Transition Matrix\n",
      "[[2.04731307e-08 3.35484524e-16 8.18330095e-14 5.85464287e-10\n",
      "  9.99999993e-01]\n",
      " [1.14884977e-09 5.06379242e-22 5.10135832e-15 4.71023844e-08\n",
      "  9.99999989e-01]\n",
      " [1.78909847e-06 1.22293630e-12 1.65996846e-07 1.99187787e-02\n",
      "  9.86376120e-01]\n",
      " [1.33080989e-07 1.09307145e-11 6.24819803e-09 1.97131442e-06\n",
      "  9.99998933e-01]\n",
      " [5.33951921e-03 3.00572097e-01 6.41142919e-02 3.48345991e-02\n",
      "  6.04996547e-01]]\n",
      "Emmission Matrix\n",
      "[[5.56699095e-02 1.80200553e-01 1.73093691e-01 5.82692612e-01\n",
      "  8.34323521e-03]\n",
      " [1.71827140e-01 1.84701354e-01 1.15980438e-04 6.43192383e-01\n",
      "  1.63142320e-04]\n",
      " [1.98752610e-01 3.19739511e-01 8.44880649e-03 4.72731133e-01\n",
      "  3.27940456e-04]\n",
      " [2.79285531e-01 4.19201635e-01 4.29124085e-02 2.51741966e-01\n",
      "  6.85845882e-03]\n",
      " [2.32092053e-02 2.17991121e-01 5.00575254e-01 1.37603192e-02\n",
      "  2.44464100e-01]]\n",
      "Epoc no : 24 Traning\n",
      "Transition Matrix\n",
      "[[6.67429447e-09 3.58190336e-17 1.01675360e-14 1.02199443e-10\n",
      "  9.99999998e-01]\n",
      " [3.58088380e-10 3.48639907e-23 6.08502229e-16 9.83519771e-09\n",
      "  9.99999998e-01]\n",
      " [7.87820695e-07 3.05546319e-13 6.82090318e-08 1.18334899e-02\n",
      "  9.92935568e-01]\n",
      " [4.85457277e-08 2.49099713e-12 2.08199281e-09 9.30134783e-07\n",
      "  9.99999543e-01]\n",
      " [4.71488175e-03 2.89404828e-01 6.28858504e-02 3.44599725e-02\n",
      "  6.17776638e-01]]\n",
      "Emmission Matrix\n",
      "[[5.72221976e-02 1.78341855e-01 1.77550321e-01 5.79763449e-01\n",
      "  7.12217717e-03]\n",
      " [1.90028934e-01 1.84749360e-01 1.04462939e-04 6.24990844e-01\n",
      "  1.26398801e-04]\n",
      " [2.18790041e-01 3.20734900e-01 7.37871876e-03 4.52846998e-01\n",
      "  2.49342199e-04]\n",
      " [3.08751495e-01 4.09222544e-01 3.81681711e-02 2.38836489e-01\n",
      "  5.02130139e-03]\n",
      " [2.67646547e-02 2.34200021e-01 4.95008978e-01 1.24022242e-02\n",
      "  2.31624122e-01]]\n",
      "Epoc no : 25 Traning\n",
      "Transition Matrix\n",
      "[[2.26147410e-09 3.59005318e-18 1.16144376e-15 1.61097343e-11\n",
      "  9.99999999e-01]\n",
      " [1.15889092e-10 2.14230838e-24 6.50694776e-17 1.82842761e-09\n",
      "  1.00000000e+00]\n",
      " [3.38599986e-07 6.77099604e-14 2.49515305e-08 6.13260393e-03\n",
      "  9.96812258e-01]\n",
      " [1.77516206e-08 5.22882688e-13 6.38911603e-10 3.97859602e-07\n",
      "  9.99999823e-01]\n",
      " [4.26629910e-03 2.81537893e-01 6.11106441e-02 3.32087903e-02\n",
      "  6.27687423e-01]]\n",
      "Emmission Matrix\n",
      "[[5.84577546e-02 1.75003196e-01 1.83163541e-01 5.77280766e-01\n",
      "  6.09474222e-03]\n",
      " [2.09851940e-01 1.82520283e-01 9.50448907e-05 6.07434294e-01\n",
      "  9.84384633e-05]\n",
      " [2.41134412e-01 3.17006868e-01 6.51715999e-03 4.35152945e-01\n",
      "  1.88614971e-04]\n",
      " [3.38988128e-01 3.95638209e-01 3.43305240e-02 2.27328320e-01\n",
      "  3.71481931e-03]\n",
      " [3.07709736e-02 2.51128258e-01 4.87094253e-01 1.12063195e-02\n",
      "  2.19800195e-01]]\n",
      "Epoc no : 26 Traning\n",
      "Transition Matrix\n",
      "[[8.01677694e-10 3.38759237e-19 1.21887655e-16 2.29456832e-12\n",
      "  1.00000000e+00]\n",
      " [3.92610758e-11 1.16830564e-25 6.20248867e-18 3.03010413e-10\n",
      "  1.00000000e+00]\n",
      " [1.44004927e-07 1.32805215e-14 8.09450000e-09 2.77641636e-03\n",
      "  9.98741055e-01]\n",
      " [6.57054070e-09 1.00406475e-13 1.78926045e-10 1.53347429e-07\n",
      "  9.99999938e-01]\n",
      " [3.97786482e-03 2.77555113e-01 5.88853137e-02 3.11362007e-02\n",
      "  6.34203084e-01]]\n",
      "Emmission Matrix\n",
      "[[5.94653230e-02 1.70417256e-01 1.89443529e-01 5.75446407e-01\n",
      "  5.22748429e-03]\n",
      " [2.31315430e-01 1.78030241e-01 8.69846822e-05 5.90490412e-01\n",
      "  7.69319640e-05]\n",
      " [2.65562274e-01 3.08798247e-01 5.82383607e-03 4.19673022e-01\n",
      "  1.42620792e-04]\n",
      " [3.69505615e-01 3.79036147e-01 3.12706633e-02 2.17399355e-01\n",
      "  2.78822028e-03]\n",
      " [3.51262772e-02 2.68079236e-01 4.77011070e-01 1.01504087e-02\n",
      "  2.09633008e-01]]\n",
      "Epoc no : 27 Traning\n",
      "Transition Matrix\n",
      "[[2.98376430e-10 3.01856086e-20 1.17659049e-17 2.96428284e-13\n",
      "  1.00000000e+00]\n",
      " [1.40023517e-11 5.63144462e-27 5.24933675e-19 4.49366426e-11\n",
      "  1.00000000e+00]\n",
      " [6.13889555e-08 2.30375825e-15 2.32375824e-09 1.10219648e-03\n",
      "  9.99562126e-01]\n",
      " [2.48531676e-09 1.75594517e-14 4.54439213e-11 5.31200901e-08\n",
      "  9.99999981e-01]\n",
      " [3.83673757e-03 2.77588127e-01 5.63011518e-02 2.83781139e-02\n",
      "  6.37250307e-01]]\n",
      "Emmission Matrix\n",
      "[[6.03938384e-02 1.64876187e-01 1.95810190e-01 5.74427815e-01\n",
      "  4.49196905e-03]\n",
      " [2.54477730e-01 1.71427815e-01 7.97221840e-05 5.73954512e-01\n",
      "  6.02206539e-05]\n",
      " [2.91651101e-01 2.96817335e-01 5.25970882e-03 4.06163576e-01\n",
      "  1.08278662e-04]\n",
      " [3.99731145e-01 3.60221587e-01 2.88607551e-02 2.09057230e-01\n",
      "  2.12928312e-03]\n",
      " [3.96865169e-02 2.84390551e-01 4.65053200e-01 9.21398091e-03\n",
      "  2.01655751e-01]]\n",
      "Epoc no : 28 Traning\n",
      "Transition Matrix\n",
      "[[1.16581568e-10 2.54513523e-21 1.04722679e-18 3.49454295e-14\n",
      "  1.00000000e+00]\n",
      " [5.26987087e-12 2.39180379e-28 3.93553411e-20 5.99971573e-12\n",
      "  1.00000000e+00]\n",
      " [2.65018398e-08 3.53324954e-16 5.89903852e-10 3.85713996e-04\n",
      "  9.99864974e-01]\n",
      " [9.67943501e-10 2.78949597e-15 1.04307956e-11 1.65434654e-08\n",
      "  9.99999994e-01]\n",
      " [3.83527621e-03 2.81297328e-01 5.34183336e-02 2.51287380e-02\n",
      "  6.37285311e-01]]\n",
      "Emmission Matrix\n",
      "[[6.14459083e-02 1.58675516e-01 2.01635966e-01 5.74378637e-01\n",
      "  3.86397308e-03]\n",
      " [2.79405582e-01 1.62948973e-01 7.28749892e-05 5.57525447e-01\n",
      "  4.71235031e-05]\n",
      " [3.18853704e-01 2.81981349e-01 4.79194575e-03 3.94290195e-01\n",
      "  8.28071952e-05]\n",
      " [4.28955712e-01 3.40163863e-01 2.69924524e-02 2.02230261e-01\n",
      "  1.65771183e-03]\n",
      " [4.42844154e-02 2.99532539e-01 4.51549305e-01 8.37862998e-03\n",
      "  1.96255111e-01]]\n",
      "Epoc no : 29 Traning\n",
      "Transition Matrix\n",
      "[[4.76350535e-11 2.03109905e-22 8.61815798e-20 3.78877718e-15\n",
      "  1.00000000e+00]\n",
      " [2.09061117e-12 8.92702696e-30 2.61136138e-21 7.26923717e-13\n",
      "  1.00000000e+00]\n",
      " [1.16625340e-08 4.78879536e-17 1.32476299e-10 1.19785325e-04\n",
      "  9.99962792e-01]\n",
      " [3.89798810e-10 4.01955654e-16 2.16059992e-12 4.64514930e-09\n",
      "  9.99999999e-01]\n",
      " [3.97267399e-03 2.87850779e-01 5.02650059e-02 2.16147643e-02\n",
      "  6.35302250e-01]]\n",
      "Emmission Matrix\n",
      "[[6.28695567e-02 1.52062921e-01 2.06281194e-01 5.75463503e-01\n",
      "  3.32282627e-03]\n",
      " [3.06113379e-01 1.52885539e-01 6.62317768e-05 5.40898052e-01\n",
      "  3.67983045e-05]\n",
      " [3.46594653e-01 2.65216536e-01 4.39615953e-03 3.83728741e-01\n",
      "  6.39106218e-05]\n",
      " [4.56464855e-01 3.19836196e-01 2.55803968e-02 1.96801428e-01\n",
      "  1.31712406e-03]\n",
      " [4.87542862e-02 3.13162036e-01 4.36801207e-01 7.62853508e-03\n",
      "  1.93653936e-01]]\n",
      "Epoc no : 30 Traning\n",
      "Transition Matrix\n",
      "[[2.02112952e-11 1.53160610e-23 6.57541798e-21 3.81259683e-16\n",
      "  1.00000000e+00]\n",
      " [8.70296190e-13 2.92000919e-31 1.53376204e-22 8.07004681e-14\n",
      "  1.00000000e+00]\n",
      " [5.24473724e-09 5.73129669e-18 2.63567224e-11 3.32846603e-05\n",
      "  9.99990749e-01]\n",
      " [1.62366432e-10 5.24985692e-17 4.03966471e-13 1.18192772e-09\n",
      "  1.00000000e+00]\n",
      " [4.25686518e-03 2.95959680e-01 4.68604435e-02 1.80677727e-02\n",
      "  6.32704020e-01]]\n",
      "Emmission Matrix\n",
      "[[6.49528039e-02 1.45200733e-01 2.09106921e-01 5.77888567e-01\n",
      "  2.85097489e-03]\n",
      " [3.34483769e-01 1.41575724e-01 5.97326438e-05 5.23852133e-01\n",
      "  2.86404487e-05]\n",
      " [3.74347330e-01 2.47351997e-01 4.05583549e-03 3.74195018e-01\n",
