{
 "cells": [
  {
   "cell_type": "code",
   "execution_count": 1,
   "metadata": {},
   "outputs": [],
   "source": [
    "import numpy as np\n",
    "import pandas as pd\n",
    "import random"
   ]
  },
  {
   "cell_type": "code",
   "execution_count": null,
   "metadata": {},
   "outputs": [],
   "source": []
  },
  {
   "cell_type": "markdown",
   "metadata": {},
   "source": [
    "As mentioned in read me \n",
    "Default number of hidden states is 5\n",
    "Default number is also 5, all the elements in visible sequence is between [0,4]\n",
    "If you have raw sequence on which HMM has to be applied first get number number of unique hidden states and unique visible states and map states and visible states as follows"
   ]
  },
  {
   "cell_type": "code",
   "execution_count": null,
   "metadata": {},
   "outputs": [],
   "source": []
  },
  {
   "cell_type": "code",
   "execution_count": 48,
   "metadata": {},
   "outputs": [
    {
     "name": "stdout",
     "output_type": "stream",
     "text": [
      "60\n"
     ]
    }
   ],
   "source": [
    "sequence=[0,1,2,3,1,1,1,1,1,2,2,2,2,2,0,0,0,0,0,0,0,0,0,0,0,0,0,0,0,0,0,0,0,0,0,2,2,2,3,3,3,1,1,1,1,1,1,3,2,1,0,4,3,2,1,2,3,4,3,2]\n",
    "sequence=np.array(sequence)\n",
    "intial=[0.05,0.5,0.3,0.05,0.1]\n",
    "intial=np.array(intial)\n",
    "print(len(sequence))"
   ]
  },
  {
   "cell_type": "code",
   "execution_count": 57,
   "metadata": {},
   "outputs": [],
   "source": [
    "### .............................................................Implementation of hidden markov model.................................................................\n",
    "## 3 Taks to train HMM\n",
    "  ## 1) Forward Algorithm\n",
    "  ## 2) Backward Algorithm\n",
    "  ## 3) Forward Backward Algorithm\n",
    "\n",
    "class HMM:\n",
    "    def __init__(self,sequence,initial_matrix,number_states=5,number_output=5,n_epochs=30):\n",
    "        self.seq=sequence\n",
    "        self.tras=np.random.uniform(0,1,(number_states,number_states))  ## Transition Matrix \n",
    "        #self.tras=np.zeros(shape=(number_states,number_states))        ## Initialized with random number drawn from uniform (0,1)\n",
    "        self.emiss=np.random.uniform(0,1,(number_states,number_output)) ## Emission Matrix\n",
    "        #self.emiss=np.zeros(shape=(number_states,number_output))\n",
    "        print(len(self.seq))\n",
    "        self.iprob=initial_matrix         ## Intial Probabilty matrix (Pie)\n",
    "        \n",
    "        self.states=number_states         ## Number of hidden States\n",
    "        \n",
    "        self.out=number_output            ## Number of Visible States\n",
    "        \n",
    "        self.epochs=n_epochs              ## Number of Iterations default value is 30\n",
    "        \n",
    "        self.BDP=np.zeros(shape=(number_states,len(self.seq)))  ## 2d numpy array to store alpha(state,time)\n",
    "        \n",
    "        self.FDP=np.zeros(shape=(number_states,len(self.seq)))   ## 2d numpy array to store  Beta(state,time)\n",
    "        \n",
    "        self.n_epochs=n_epochs\n",
    "        \n",
    "    def forward(self):                                                          \n",
    "        nstates=self.states                                                       \n",
    "        nlength=len(self.seq)                                                     \n",
    "        maxi=0\n",
    "        index=0                                                                     \n",
    "        for j in range(nlength):\n",
    "            for i in range(nstates):                         \n",
    "                if j==0:\n",
    "                    self.FDP[i][j]=self.iprob[i]*self.emiss[i][self.seq[j]]\n",
    "                else:\n",
    "                    for k in range(nstates):\n",
    "                        self.FDP[i][j]+=(self.FDP[k][j-1]*self.tras[k][i]*self.emiss[i][self.seq[j]])\n",
    "                    if j==nlength-1:\n",
    "                        if(self.FDP[i][j]>=maxi):\n",
    "                            maxi=self.FDP[i][j]\n",
    "                            index=i\n",
    "        tp=0.0\n",
    "        for i in range(nstates):\n",
    "            tp+=self.FDP[i][nlength-1]\n",
    "        return tp,maxi,index\n",
    "    ## Dynamic algorithm Space complexity O(states*length of Sequence) Time complexity O(states*states*length of sequence)\n",
    "    \n",
    "    def decoding(self):                                                           \n",
    "        nstates=self.states                                                       \n",
    "        nlength=len(self.seq)                                                     \n",
    "        tp,maxi,index=self.forward()\n",
    "        hstates=np.zeros(shape=(nlength))\n",
    "        ## Backtracking to get the most probable hidden states for each time step\n",
    "        \n",
    "        for j in range(nlength-1,-1,-1):\n",
    "            hstates[j]=index\n",
    "            if(j==0):\n",
    "                break\n",
    "            for i in range(nstates):\n",
    "                self.FDP[index][j]==self.FDP[i][j-1]*self.tras[i][index]*self.emiss[index][self.seq[j]]\n",
    "                index=i\n",
    "                break\n",
    "        return hstates\n",
    "        \n",
    "    def backward(self):\n",
    "        ## Algo for calculating B(state,time)\n",
    "        nstates=self.states                                                 \n",
    "        nlength=len(self.seq)                                                     \n",
    "        for j in range(nlength-1,-1,-1):\n",
    "            for i in range(nstates):\n",
    "                if(j==nlength-1):\n",
    "                    self.BDP[i][j]=1.0\n",
    "                else:\n",
    "                    for k in range(nstates):\n",
    "                        self.BDP[i][j]+=(self.tras[i][k]*self.emiss[k][self.seq[j+1]]*self.BDP[k][j+1])\n",
    "                   \n",
    "                \n",
    "    def not_quite(self,time,curr_state,next_state):\n",
    "        #self.forward()\n",
    "        #self.backward()\n",
    "        ## Algo for calculating mu as per paper\n",
    "        nstates=self.states                                                 \n",
    "        nlength=len(self.seq)\n",
    "        deno=0\n",
    "        for i in range(nstates):\n",
    "            deno+=self.FDP[i][time]*self.BDP[i][time]\n",
    "        numo=self.FDP[curr_state][time]*self.tras[curr_state][next_state]*self.emiss[next_state][self.seq[time+1]]*self.BDP[next_state][time+1]\n",
    "        return numo/deno\n",
    "    \n",
    "    \n",
    "    def corrected_transition(self):\n",
    "        ## Corrected transiton matrix \n",
    "        nstates=self.states                                                 \n",
    "        nlength=len(self.seq)\n",
    "        \n",
    "        for i in  range(nstates):\n",
    "            for j in range(nstates):\n",
    "                numo=0\n",
    "                deno=0\n",
    "                for time in range(nlength-1):\n",
    "                    numo+=self.not_quite(time,i,j)\n",
    "                    for state in range(nstates):\n",
    "                        deno+=self.not_quite(time,i,state)\n",
    "                self.tras[i][j]=numo/deno\n",
    "    \n",
    "    \n",
    "    def not_quite2(self,time,state):\n",
    "        nstates=self.states                                                 \n",
    "        nlength=len(self.seq)\n",
    "        deno=0\n",
    "        for st in range(nstates):\n",
    "            deno+=self.FDP[st][time]*self.BDP[st][time]\n",
    "        return self.FDP[state][time]*self.BDP[state][time]/deno\n",
    "    \n",
    "    \n",
    "    def corrected_emmision(self):\n",
    "        # Algorithm for calculating gamma as per pdf\n",
    "        nstates=self.states                                                 \n",
    "        nlength=len(self.seq)\n",
    "        nout=self.out\n",
    "        for states in (range(nstates)):\n",
    "            for out in (range(nout)):\n",
    "                numo=0\n",
    "                deno=0\n",
    "                for time in range(nlength):\n",
    "                    if(self.seq[time]==out):\n",
    "                        numo+=self.not_quite2(time,states)\n",
    "                    deno+=self.not_quite2(time,states)\n",
    "                self.emiss[states][out]=numo/deno\n",
    "                \n",
    "    def display(self):\n",
    "        print(\"Transition Matrix\")\n",
    "        print(self.tras)\n",
    "        print(\" \")\n",
    "        print(\" \")\n",
    "        print(\"Emmision Matrix\")\n",
    "        print(self.emiss)\n",
    "            \n",
    "    def train(self):\n",
    "        for epoch in range(self.n_epochs):               ## Iterating fot number of epochs\n",
    "            print(\"EPOCH NO : {} TRANING\".format(epoch))\n",
    "            self.forward()                               ## calculate corrected alpha \n",
    "            self.backward()                              ## calculate corrected Beta\n",
    "            self.corrected_transition()                  ## Corrected Transition matrix\n",
    "            self.corrected_emmision()                    ## Corrected Emission matrix\n",
    "            print(\"Transition Matrix\")\n",
    "            print(self.tras)\n",
    "            print(\"Emmission Matrix\")\n",
    "            print(self.emiss)\n",
    "            print(\"Traning Epoch Done\")\n",
    "            print(\" \")\n",
    "            print(\" \")"
   ]
  },
  {
   "cell_type": "code",
   "execution_count": 58,
   "metadata": {},
   "outputs": [],
   "source": [
    "# deno+=self.not_quite(time,i,states)"
   ]
  },
  {
   "cell_type": "code",
   "execution_count": 59,
   "metadata": {},
   "outputs": [
    {
     "name": "stdout",
     "output_type": "stream",
     "text": [
      "60\n"
     ]
    }
   ],
   "source": [
    "hm=HMM(sequence,intial,n_epochs=50)"
   ]
  },
  {
   "cell_type": "code",
   "execution_count": 60,
   "metadata": {},
   "outputs": [
    {
     "name": "stdout",
     "output_type": "stream",
     "text": [
      "EPOCH NO : 0 TRANING\n",
      "Transition Matrix\n",
      "[[0.18750083 0.08608146 0.24469218 0.49282813 0.12967306]\n",
      " [0.09849265 0.00853916 0.43769477 0.62997342 0.04729197]\n",
      " [0.03185276 0.15631327 0.39363479 0.50715755 0.20959229]\n",
      " [0.11956104 0.10029509 0.33230949 0.57308665 0.23431766]\n",
      " [0.16857367 0.11613471 0.36006557 0.47154798 0.20658681]]\n",
      "Emmission Matrix\n",
      "[[0.55586802 0.15053917 0.09432519 0.15724073 0.04202688]\n",
      " [0.46394385 0.28198187 0.10580199 0.12613534 0.02213695]\n",
      " [0.34371706 0.40360709 0.20479451 0.01843117 0.02945016]\n",
      " [0.35025488 0.09555512 0.26247835 0.2517446  0.03996705]\n",
      " [0.36821207 0.24140484 0.32051739 0.04485921 0.02500649]]\n",
      "Traning Epoch Done\n",
      " \n",
      " \n",
      "EPOCH NO : 1 TRANING\n",
      "Transition Matrix\n",
      "[[0.14149274 0.07862934 0.21831224 0.4940614  0.11820698]\n",
      " [0.06121589 0.0070797  0.39866288 0.53690631 0.04352123]\n",
      " [0.0179118  0.11647297 0.33460925 0.42444786 0.18362048]\n",
      " [0.06848958 0.07096882 0.23993587 0.52931662 0.19372685]\n",
      " [0.10038431 0.08941811 0.2956812  0.42809182 0.18131152]]\n",
      "Emmission Matrix\n",
      "[[0.54377207 0.15205464 0.09798089 0.15883389 0.04735852]\n",
      " [0.45613178 0.28599143 0.1079747  0.12629511 0.02360699]\n",
      " [0.33419067 0.41318743 0.20455438 0.01820039 0.02986713]\n",
      " [0.36072092 0.09645059 0.25702649 0.24749946 0.03830254]\n",
      " [0.3890603  0.23704882 0.30774246 0.04308922 0.02305919]]\n",
      "Traning Epoch Done\n",
      " \n",
      " \n",
      "EPOCH NO : 2 TRANING\n",
      "Transition Matrix\n",
      "[[0.12382784 0.07575051 0.2015733  0.5096186  0.11308951]\n",
      " [0.04812095 0.00680399 0.41510748 0.49017837 0.04267025]\n",
      " [0.01314771 0.10502944 0.3340846  0.39046438 0.17575596]\n",
      " [0.05290083 0.06100601 0.20304937 0.5455271  0.17649511]\n",
      " [0.078789   0.08109451 0.27565529 0.42432044 0.17435157]]\n",
      "Emmission Matrix\n",
      "[[0.52768359 0.15479655 0.10201972 0.16228978 0.05321036]\n",
      " [0.45298398 0.28854806 0.10857523 0.12541391 0.02447883]\n",
      " [0.32606209 0.42253849 0.20350998 0.01793655 0.02995289]\n",
      " [0.37004572 0.09630823 0.25306107 0.24348019 0.03710479]\n",
      " [0.40186926 0.23458989 0.29994616 0.04175364 0.02184105]]\n",
      "Traning Epoch Done\n",
      " \n",
      " \n",
      "EPOCH NO : 3 TRANING\n",
      "Transition Matrix\n",
      "[[0.11523116 0.07418854 0.18671768 0.52874845 0.11013776]\n",
      " [0.04146478 0.00684338 0.44720539 0.45169617 0.04275224]\n",
      " [0.01069449 0.10071237 0.34963997 0.36633042 0.17350697]\n",
      " [0.04593698 0.05566848 0.17805062 0.57487059 0.16691576]\n",
      " [0.06929283 0.07755035 0.26425272 0.43106743 0.17403762]]\n",
      "Emmission Matrix\n",
      "[[0.50876616 0.15776643 0.10645156 0.1672702  0.05974566]\n",
      " [0.4509307  0.29130824 0.10841576 0.12437417 0.02497112]\n",
      " [0.31843432 0.43254074 0.20163759 0.01764802 0.02973932]\n",
      " [0.37912138 0.09507433 0.24995228 0.23957977 0.03627224]\n",
      " [0.41139659 0.2324833  0.29444956 0.04066169 0.02100885]]\n",
      "Traning Epoch Done\n",
      " \n",
      " \n",
      "EPOCH NO : 4 TRANING\n",
      "Transition Matrix\n",
      "[[0.10961045 0.07289388 0.17229705 0.54954077 0.10793878]\n",
      " [0.037075   0.00697852 0.48484752 0.41450484 0.04311211]\n",
      " [0.00905062 0.09852463 0.371147   0.34351274 0.17305663]\n",
      " [0.04188231 0.05168299 0.15616572 0.60610124 0.1606322 ]\n",
      " [0.06396961 0.07534467 0.2529186  0.44209034 0.17689435]]\n",
      "Emmission Matrix\n",
      "[[0.48889837 0.16022828 0.11095255 0.1730785  0.06684229]\n",
      " [0.44913002 0.29463151 0.107677   0.12342478 0.0251367 ]\n",
      " [0.31015272 0.44402052 0.19916872 0.0173694  0.02928864]\n",
      " [0.38809346 0.09276451 0.24756048 0.23582719 0.03575436]\n",
      " [0.41871705 0.23041506 0.29063546 0.03979978 0.02043267]]\n",
      "Traning Epoch Done\n",
      " \n",
      " \n",
      "EPOCH NO : 5 TRANING\n",
      "Transition Matrix\n",
      "[[0.10454167 0.07143056 0.15810618 0.57202706 0.10581651]\n",
      " [0.03352835 0.00712722 0.5244385  0.37789301 0.04344549]\n",
      " [0.00774552 0.09686546 0.39591755 0.32013555 0.17274935]\n",
      " [0.03889236 0.04804316 0.13536926 0.63689997 0.15591715]\n",
      " [0.06012533 0.07324502 0.23916863 0.45676997 0.181461  ]]\n",
      "Emmission Matrix\n",
      "[[0.46939098 0.16173077 0.11530242 0.17922473 0.07435111]\n",
      " [0.44696816 0.29876444 0.10646283 0.12278933 0.02501523]\n",
      " [0.300306   0.45764977 0.19626027 0.01713597 0.02864798]\n",
      " [0.39715486 0.08942056 0.24575641 0.23217044 0.03549772]\n",
      " [0.42450764 0.22809665 0.28819978 0.03915737 0.02003855]]\n",
      "Traning Epoch Done\n",
      " \n",
      " \n",
      "EPOCH NO : 6 TRANING\n",
      "Transition Matrix\n",
      "[[0.09901296 0.06953978 0.14415061 0.59649749 0.10338448]\n",
      " [0.03024733 0.00724315 0.5642607  0.34236859 0.04357187]\n",
      " [0.00660398 0.09506568 0.42364322 0.29580364 0.17154878]\n",
      " [0.03620814 0.04431727 0.11519325 0.66735009 0.15182848]\n",
      " [0.05661529 0.07059415 0.22210622 0.47601753 0.18685348]]\n",
      "Emmission Matrix\n",
      "[[0.45099279 0.16203474 0.11939904 0.18541477 0.08215867]\n",
      " [0.44380506 0.30395281 0.10485629 0.12273636 0.02464948]\n",
      " [0.28809418 0.4740819  0.19299173 0.01698376 0.02784844]\n",
      " [0.40664197 0.08509194 0.24436302 0.22845981 0.03544326]\n",
      " [0.42924905 0.22521842 0.28701565 0.03872983 0.01978705]]\n",
      "Traning Epoch Done\n",
      " \n",
      " \n",
      "EPOCH NO : 7 TRANING\n",
      "Transition Matrix\n",
      "[[0.09267066 0.06702394 0.13048977 0.62309018 0.10039179]\n",
      " [0.02699528 0.00728912 0.60338439 0.30842694 0.04335556]\n",
      " [0.00555783 0.09273933 0.45508726 0.27025583 0.16853431]\n",
      " [0.03347747 0.04024699 0.09559078 0.69797091 0.14770883]\n",
      " [0.05290101 0.06688007 0.20129897 0.50113688 0.19228876]]\n",
      "Emmission Matrix\n",
      "[[0.43397601 0.16105988 0.12323357 0.1915208  0.09020975]\n",
      " [0.43889605 0.31045266 0.10293656 0.12362592 0.02408881]\n",
      " [0.27269011 0.49405046 0.1893945  0.01695542 0.02690951]\n",
      " [0.41698099 0.0798347  0.24317021 0.22448358 0.03553052]\n",
      " [0.43327145 0.22143762 0.28710373 0.03852418 0.01966301]]\n",
      "Traning Epoch Done\n",
      " \n",
      " \n",
      "EPOCH NO : 8 TRANING\n",
      "Transition Matrix\n",
      "[[0.08548111 0.0637429  0.11729209 0.65162755 0.09667005]\n",
      " [0.02368897 0.00722872 0.64155177 0.27611984 0.04265714]\n",
      " [0.00458215 0.08958424 0.49180347 0.2429737  0.16268224]\n",
      " [0.03053557 0.03566347 0.07673708 0.72907329 0.14304051]\n",
      " [0.04872581 0.06164576 0.17661191 0.53334271 0.19689108]]\n",
      "Emmission Matrix\n",
      "[[0.41822471 0.15883908 0.12686384 0.19755963 0.09851274]\n",
      " [0.43138548 0.31847898 0.10078279 0.12596437 0.02338839]\n",
      " [0.25317981 0.51839775 0.18547114 0.01710927 0.02584203]\n",
      " [0.4286028  0.07372162 0.24196145 0.22001253 0.03570159]\n",
      " [0.43677483 0.21635775 0.28863419 0.03856267 0.01967056]]\n",
      "Traning Epoch Done\n",
      " \n",
      " \n",
      "EPOCH NO : 9 TRANING\n",
      "Transition Matrix\n",
      "[[0.07755838 0.05967606 0.10495769 0.68138271 0.09212964]\n",
      " [0.02030618 0.00702446 0.6793886  0.24477424 0.04128057]\n",
      " [0.00366957 0.08531853 0.53610786 0.21310543 0.15277157]\n",
      " [0.02731806 0.03051053 0.05904516 0.76047305 0.13742876]\n",
      " [0.04397617 0.05456381 0.14840574 0.57319309 0.19965868]]\n",
      "Emmission Matrix\n",
      "[[0.40328425 0.15548456 0.13039857 0.20368971 0.10714291]\n",
      " [0.42039714 0.3280523  0.09846428 0.1304822  0.02260406]\n",
      " [0.2286467  0.54797445 0.18119775 0.01753331 0.02464778]\n",
      " [0.44183174 0.06686031 0.24055061 0.21485063 0.0359067 ]\n",
      " [0.43984227 0.2095015  0.29194228 0.03888324 0.0198307 ]]\n",
      "Traning Epoch Done\n",
      " \n",
      " \n",
      "EPOCH NO : 10 TRANING\n",
      "Transition Matrix\n",
      "[[0.06908762 0.05504206 0.09429516 0.71067098 0.0867854 ]\n",
      " [0.01683772 0.0066406  0.71866868 0.21279952 0.03891245]\n",
      " [0.00282122 0.0796678  0.59076713 0.17974405 0.13751437]\n",
      " [0.02382705 0.02491616 0.04318248 0.79133024 0.13065453]\n",
      " [0.03862955 0.04564304 0.11790384 0.61969668 0.19964307]]\n",
      "Emmission Matrix\n",
      "[[0.38836413 0.1511701  0.13398998 0.21022529 0.1162505 ]\n",
      " [0.40530701 0.33865421 0.09600986 0.13824749 0.02178142]\n",
      " [0.19851249 0.58328266 0.1765176  0.01837065 0.0233166 ]\n",
      " [0.45673487 0.0594193  0.23883858 0.20889286 0.03611439]\n",
      " [0.44244886 0.20030202 0.29753593 0.03953371 0.02017947]]\n",
      "Traning Epoch Done\n",
      " \n",
      " \n",
      "EPOCH NO : 11 TRANING\n",
      "Transition Matrix\n",
      "[[0.06031265 0.05045652 0.08677494 0.73623606 0.08078746]\n",
      " [0.01328349 0.00605198 0.76220201 0.17790221 0.03509959]\n",
      " [0.00204807 0.07239874 0.65754653 0.14286604 0.11626021]\n",
      " [0.02012692 0.01925652 0.02996297 0.82021325 0.12275458]\n",
      " [0.03276727 0.03548984 0.0874634  0.66942103 0.19638552]]\n",
      "Emmission Matrix\n",
      "[[0.37233711 0.14614459 0.13781293 0.21764383 0.12606154]\n",
      " [0.38629632 0.34861332 0.09334716 0.15080627 0.02093693]\n",
      " [0.16323901 0.62370291 0.17136208 0.01986942 0.02182658]\n",
      " [0.47296216 0.05166263 0.23688153 0.20216791 0.03632577]\n",
      " [0.44446001 0.18818859 0.30603941 0.04054942 0.02076258]]\n",
      "Traning Epoch Done\n",
      " \n",
      " \n",
      "EPOCH NO : 12 TRANING\n",
      "Transition Matrix\n",
      "[[0.0515526  0.04707956 0.08494713 0.75229871 0.07440915]\n",
      " [0.00970909 0.00526033 0.81240645 0.13844606 0.02942103]\n",
      " [0.00137716 0.06349129 0.73382249 0.10477662 0.09047113]\n",
      " [0.01635111 0.01411442 0.020034   0.84556535 0.11405082]\n",
      " [0.02662313 0.02537738 0.06023565 0.71672917 0.19040551]]\n",
      "Emmission Matrix\n",
      "[[0.35381308 0.14082528 0.14198489 0.22654732 0.13682944]\n",
      " [0.36506142 0.35443912 0.09022234 0.17024288 0.02003424]\n",
      " [0.12519305 0.66638452 0.16578377 0.0224792  0.02015945]\n",
      " [0.48970374 0.04398667 0.23491855 0.19480657 0.03658446]\n",
      " [0.44558599 0.17292874 0.31796929 0.04189536 0.02162062]]\n",
      "Traning Epoch Done\n",
      " \n",
      " \n",
      "EPOCH NO : 13 TRANING\n",
      "Transition Matrix\n",
      "[[4.31923461e-02 4.67566872e-02 9.33686492e-02 7.48511874e-01\n",
      "  6.79148071e-02]\n",
      " [6.34403095e-03 4.31739173e-03 8.67793053e-01 9.61520790e-02\n",
      "  2.20440587e-02]\n",
      " [8.47869304e-04 5.35773012e-02 8.09444298e-01 7.02589748e-02\n",
      "  6.45509653e-02]\n",
      " [1.26931444e-02 1.00589873e-02 1.34792371e-02 8.66426306e-01\n",
      "  1.05043545e-01]\n",
      " [2.05880963e-02 1.68159011e-02 3.88866873e-02 7.56015214e-01\n",
      "  1.83260624e-01]]\n",
      "Emmission Matrix\n",
      "[[0.33130837 0.13601466 0.1463767  0.23762131 0.14867896]\n",
      " [0.34496312 0.35115595 0.08619305 0.19871105 0.01897683]\n",
      " [0.08875239 0.70564718 0.16026514 0.02699733 0.01833796]\n",
      " [0.50594568 0.03692493 0.23327241 0.18688893 0.03696806]\n",
      " [0.44527503 0.15532256 0.33327789 0.0433622  0.02276233]]\n",
      "Traning Epoch Done\n",
      " \n",
      " \n",
      "EPOCH NO : 14 TRANING\n",
      "Transition Matrix\n",
      "[[3.55991365e-02 5.24385195e-02 1.20891644e-01 7.05434677e-01\n",
      "  6.11495286e-02]\n",
      " [3.58328222e-03 3.34188801e-03 9.20143540e-01 5.73429059e-02\n",
      "  1.42696643e-02]\n",
      " [4.83698208e-04 4.42558101e-02 8.70715504e-01 4.36818113e-02\n",
      "  4.35046464e-02]\n",
      " [9.36412977e-03 7.36704062e-03 9.71348617e-03 8.82816474e-01\n",
      "  9.61798134e-02]\n",
      " [1.50981692e-02 1.07542090e-02 2.42030607e-02 7.84401560e-01\n",
      "  1.76952718e-01]]\n",
      "Emmission Matrix\n",
      "[[0.30333693 0.13302609 0.15032085 0.25198405 0.16133208]\n",
      " [0.32975472 0.33515732 0.08094089 0.23647596 0.01767111]\n",
      " [0.0585709  0.73433463 0.15600038 0.0346384  0.0164557 ]\n",
      " [0.52103645 0.03102763 0.23210301 0.17827707 0.03755584]\n",
      " [0.44277036 0.13767945 0.350924   0.04448271 0.02414348]]\n",
      "Traning Epoch Done\n",
      " \n",
      " \n",
      "EPOCH NO : 15 TRANING\n",
      "Transition Matrix\n",
      "[[2.89873688e-02 6.94863618e-02 1.84506809e-01 5.92617575e-01\n",
      "  5.24497216e-02]\n",
      " [1.73538491e-03 2.48629816e-03 9.59183864e-01 2.88420031e-02\n",
      "  7.90393814e-03]\n",
      " [2.65798245e-04 3.72866602e-02 9.10865269e-01 2.59961484e-02\n",
      "  2.93872555e-02]\n",
      " [6.54100031e-03 5.96685345e-03 7.84221761e-03 8.95449816e-01\n",
      "  8.76502481e-02]\n",
      " [1.04682802e-02 7.13397956e-03 1.50505374e-02 8.02190404e-01\n",
      "  1.73135379e-01]]\n",
      "Emmission Matrix\n",
      "[[0.26806537 0.13309214 0.15229996 0.27277532 0.17376721]\n",
      " [0.3217764  0.30831025 0.0749749  0.27875498 0.01618347]\n",
      " [0.03696001 0.74707553 0.15469287 0.04661745 0.01465414]\n",
      " [0.53516012 0.02656874 0.23116708 0.16871362 0.03839044]\n",
      " [0.43771499 0.12282269 0.36911958 0.04465212 0.02569062]]\n",
      "Traning Epoch Done\n",
      " \n",
      " \n",
      "EPOCH NO : 16 TRANING\n"
     ]
    },
    {
     "name": "stdout",
     "output_type": "stream",
     "text": [
      "Transition Matrix\n",
      "[[2.33208633e-02 1.06851690e-01 3.04983259e-01 4.01867067e-01\n",
      "  3.82315014e-02]\n",
      " [7.49273938e-04 1.84100631e-03 9.81824614e-01 1.23275503e-02\n",
      "  3.81365747e-03]\n",
      " [1.47771690e-04 3.30765393e-02 9.33213698e-01 1.53320457e-02\n",
      "  2.12196033e-02]\n",
      " [4.36025448e-03 5.65541654e-03 7.07623584e-03 9.05162478e-01\n",
      "  7.93893969e-02]\n",
      " [6.83848424e-03 5.20932018e-03 9.57884133e-03 8.11172748e-01\n",
      "  1.72817395e-01]]\n",
      "Emmission Matrix\n",
      "[[0.22279192 0.13596688 0.14980257 0.30770774 0.18373089]\n",
      " [0.3217257  0.27768036 0.06967573 0.31611686 0.01480135]\n",
      " [0.02319598 0.74326615 0.15765098 0.06281161 0.01307528]\n",
      " [0.54909771 0.02333103 0.22987312 0.15824637 0.03945177]\n",
      " [0.43067952 0.1120219  0.38641764 0.04352692 0.02735402]]\n",
      "Traning Epoch Done\n",
      " \n",
      " \n",
      "EPOCH NO : 17 TRANING\n",
      "Transition Matrix\n",
      "[[1.85054902e-02 1.67854662e-01 4.64446485e-01 2.07698983e-01\n",
      "  2.08739241e-02]\n",
      " [3.18144887e-04 1.38980005e-03 9.92531608e-01 4.57298886e-03\n",
      "  1.64816682e-03]\n",
      " [8.73887073e-05 3.03716420e-02 9.45171855e-01 9.26759412e-03\n",
      "  1.72938269e-02]\n",
      " [2.95934930e-03 6.31909769e-03 6.83026310e-03 9.12531243e-01\n",
      "  7.12782956e-02]\n",
      " [4.27981551e-03 4.15838512e-03 6.23727980e-03 8.12853145e-01\n",
      "  1.76758549e-01]]\n",
      "Emmission Matrix\n",
      "[[0.16723226 0.13902515 0.14064789 0.36544812 0.18764658]\n",
      " [0.32909429 0.24957987 0.06580281 0.34172035 0.01380268]\n",
      " [0.01505961 0.72808766 0.16430495 0.08071792 0.01182986]\n",
      " [0.56330194 0.02075768 0.22785021 0.14745197 0.04063821]\n",
      " [0.42228374 0.10426609 0.40298369 0.04137918 0.02908729]]\n",
      "Traning Epoch Done\n",
      " \n",
      " \n",
      "EPOCH NO : 18 TRANING\n",
      "Transition Matrix\n",
      "[[1.52089029e-02 2.31188695e-01 5.85271145e-01 8.72613893e-02\n",
      "  8.94122981e-03]\n",
      " [1.53499922e-04 1.07007049e-03 9.96944672e-01 1.49814782e-03\n",
      "  6.50130524e-04]\n",
      " [5.77006623e-05 2.75792636e-02 9.52054755e-01 5.97060537e-03\n",
      "  1.67076682e-02]\n",
      " [2.42290771e-03 7.98490733e-03 6.67365080e-03 9.17771810e-01\n",
      "  6.33219043e-02]\n",
      " [2.79767874e-03 3.43651144e-03 4.07501450e-03 8.07399937e-01\n",
      "  1.86262933e-01]]\n",
      "Emmission Matrix\n",
      "[[0.112481   0.1393602  0.12752979 0.43564482 0.18498419]\n",
      " [0.34139366 0.22534536 0.06266957 0.35737973 0.01321167]\n",
      " [0.01039096 0.70921068 0.17180332 0.09764745 0.01094759]\n",
      " [0.5774083  0.01835687 0.22546414 0.13698063 0.04179007]\n",
      " [0.41184528 0.09756145 0.42097134 0.03886158 0.03076036]]\n",
      "Traning Epoch Done\n",
      " \n",
      " \n",
      "EPOCH NO : 19 TRANING\n",
      "Transition Matrix\n",
      "[[1.43472677e-02 2.77680113e-01 6.33119723e-01 3.29465924e-02\n",
      "  3.41442957e-03]\n",
      " [9.28727584e-05 8.33783533e-04 9.98617913e-01 4.38642656e-04\n",
      "  2.36390523e-04]\n",
      " [4.29365597e-05 2.40134394e-02 9.54657932e-01 4.26784105e-03\n",
      "  2.00294236e-02]\n",
      " [2.73035254e-03 1.07481567e-02 6.33223372e-03 9.20716614e-01\n",
      "  5.56247759e-02]\n",
      " [2.14714878e-03 2.81648900e-03 2.62035598e-03 7.92981676e-01\n",
      "  2.04261526e-01]]\n",
      "Emmission Matrix\n",
      "[[0.07260718 0.13738841 0.11714546 0.49020565 0.18265329]\n",
      " [0.35462929 0.20326882 0.05946866 0.36974872 0.01288451]\n",
      " [0.00767885 0.6913275  0.17750065 0.11311539 0.01037761]\n",
      " [0.59081376 0.01601123 0.22320262 0.12717809 0.04279429]\n",
      " [0.39755611 0.09080001 0.44309858 0.03638187 0.03216342]]\n",
      "Traning Epoch Done\n",
      " \n",
      " \n",
      "EPOCH NO : 20 TRANING\n",
      "Transition Matrix\n",
      "[[1.62636817e-02 3.13584270e-01 6.28963207e-01 1.18284943e-02\n",
      "  1.26102007e-03]\n",
      " [7.08745424e-05 6.59687209e-04 9.99226231e-01 1.17082718e-04\n",
      "  8.04631056e-05]\n",
      " [3.45014546e-05 1.98001261e-02 9.49693749e-01 3.44957890e-03\n",
      "  3.06343498e-02]\n",
      " [4.06009785e-03 1.45851179e-02 5.65414732e-03 9.20982287e-01\n",
      "  4.82539510e-02]\n",
      " [2.01480365e-03 2.26248754e-03 1.63811925e-03 7.64549391e-01\n",
      "  2.37216446e-01]]\n",
      "Emmission Matrix\n",
      "[[0.04844271 0.13386281 0.11192233 0.52032133 0.18545082]\n",
      " [0.3654689  0.18201933 0.05614338 0.38365958 0.0127088 ]\n",
      " [0.00603529 0.67562383 0.18102357 0.12726608 0.01005123]\n",
      " [0.60361719 0.01388284 0.22081314 0.11804081 0.04364602]\n",
      " [0.37732207 0.08416253 0.47158211 0.0339069  0.03302639]]\n",
      "Traning Epoch Done\n",
      " \n",
      " \n",
      "EPOCH NO : 21 TRANING\n",
      "Transition Matrix\n",
      "[[2.21790033e-02 3.55197249e-01 5.82877260e-01 3.98831421e-03\n",
      "  4.49929171e-04]\n",
      " [6.61141189e-05 5.38895506e-04 9.99442831e-01 2.92141928e-05\n",
      "  2.59990611e-05]\n",
      " [2.79572731e-05 1.52257945e-02 9.28126436e-01 3.02339113e-03\n",
      "  5.83937327e-02]\n",
      " [7.06733853e-03 1.89922939e-02 4.59730305e-03 9.18478942e-01\n",
      "  4.10926612e-02]\n",
      " [2.26845396e-03 1.79462850e-03 9.85847067e-04 7.10782286e-01\n",
      "  2.99621158e-01]]\n",
      "Emmission Matrix\n",
      "[[0.03390051 0.1261937  0.10936146 0.54037443 0.1901699 ]\n",
      " [0.37213676 0.16125546 0.05302325 0.4009664  0.01261814]\n",
      " [0.00497273 0.66211222 0.18385221 0.13916565 0.00989719]\n",
      " [0.61698251 0.01212085 0.21696089 0.10950791 0.04442785]\n",
      " [0.34885598 0.07801247 0.50895589 0.03121773 0.03295794]]\n",
      "Traning Epoch Done\n",
      " \n",
      " \n",
      "EPOCH NO : 22 TRANING\n",
      "Transition Matrix\n",
      "[[3.62503833e-02 4.18796807e-01 4.85611708e-01 1.13676807e-03\n",
      "  1.38302678e-04]\n",
      " [7.24280335e-05 4.61101538e-04 9.99511412e-01 6.88815689e-06\n",
      "  7.78473864e-06]\n",
      " [2.10305666e-05 1.05436871e-02 8.75522736e-01 2.41857483e-03\n",
      "  1.20892236e-01]\n",
      " [1.29981484e-02 2.26575368e-02 3.28606935e-03 9.13641891e-01\n",
      "  3.36641748e-02]\n",
      " [2.99016595e-03 1.41523403e-03 5.65470199e-04 6.08891050e-01\n",
      "  4.22616063e-01]]\n",
      "Emmission Matrix\n",
      "[[0.02351459 0.11004231 0.10549069 0.57269231 0.18826009]\n",
      " [0.37465553 0.14157193 0.05060065 0.42061876 0.01255312]\n",
      " [0.00418655 0.65071181 0.18832352 0.14697136 0.00980677]\n",
      " [0.63313447 0.01073872 0.20885856 0.10197304 0.0452952 ]\n",
      " [0.31048677 0.07207428 0.55777071 0.02816118 0.03150706]]\n",
      "Traning Epoch Done\n",
      " \n",
      " \n",
      "EPOCH NO : 23 TRANING\n",
      "Transition Matrix\n",
      "[[6.92045221e-02 4.98675979e-01 3.44045623e-01 2.31938448e-04\n",
      "  2.98807589e-05]\n",
      " [8.87841257e-05 4.11368307e-04 9.99520592e-01 1.54256923e-06\n",
      "  2.01359858e-06]\n",
      " [1.38110221e-05 6.39988004e-03 8.00818997e-01 1.28800513e-03\n",
      "  2.08436813e-01]\n",
      " [2.37872811e-02 2.34232274e-02 1.98214755e-03 9.06870969e-01\n",
      "  2.51982488e-02]\n",
      " [4.56998759e-03 1.09198260e-03 3.04298413e-04 4.33230806e-01\n",
      "  6.38607659e-01]]\n",
      "Emmission Matrix\n",
      "[[0.01463261 0.08535642 0.09870011 0.62758448 0.17372637]\n",
      " [0.3741408  0.12462427 0.04913601 0.4396849  0.01241401]\n",
      " [0.00344377 0.6434025  0.19407729 0.14944565 0.00963079]\n",
      " [0.65447479 0.00967834 0.19347311 0.09600755 0.04636621]\n",
      " [0.26302544 0.06635084 0.61704887 0.02479932 0.02877552]]\n",
      "Traning Epoch Done\n",
      " \n",
      " \n",
      "EPOCH NO : 24 TRANING\n",
      "Transition Matrix\n",
      "[[1.43995976e-01 5.31406610e-01 2.02237110e-01 3.10549689e-05\n",
      "  4.06252673e-06]\n",
      " [1.12436344e-04 3.69239119e-04 9.99525399e-01 3.36794555e-07\n",
      "  4.36320871e-07]\n",
      " [7.97608881e-06 3.53703623e-03 7.54574793e-01 3.80649648e-04\n",
      "  2.54242106e-01]\n",
      " [4.05238025e-02 1.90750918e-02 9.49272409e-04 9.00807652e-01\n",
      "  1.58418335e-02]\n",
      " [8.18143297e-03 8.00950489e-04 1.45432575e-04 2.29940147e-01\n",
      "  8.46142736e-01]]\n",
      "Emmission Matrix\n",
      "[[0.00788456 0.05901922 0.0902897  0.69094103 0.15186549]\n",
      " [0.3722862  0.11174683 0.04788191 0.45601644 0.01206863]\n",
      " [0.00271434 0.64813729 0.19173708 0.14806934 0.00934195]\n",
      " [0.68121736 0.00885178 0.17157943 0.09100573 0.0473457 ]\n",
      " [0.20647613 0.06273723 0.68331089 0.02149574 0.02598001]]\n",
      "Traning Epoch Done\n",
      " \n",
      " \n",
      "EPOCH NO : 25 TRANING\n",
      "Transition Matrix\n",
      "[[2.92730304e-01 4.50202389e-01 9.97216521e-02 2.83661124e-06\n",
      "  4.03051524e-07]\n",
      " [1.26258648e-04 3.08638502e-04 9.99600065e-01 7.08237212e-08\n",
      "  8.17002615e-08]\n",
      " [4.09058622e-06 1.87583300e-03 7.65230872e-01 7.39326241e-05\n",
      "  2.31211906e-01]\n",
      " [5.72883975e-02 1.09802548e-02 3.47611501e-04 9.05882227e-01\n",
      "  8.09619872e-03]\n",
      " [1.87802048e-02 5.82526652e-04 6.13796046e-05 1.11172084e-01\n",
      "  8.97840735e-01]]\n",
      "Emmission Matrix\n",
      "[[0.00424293 0.03828761 0.08282737 0.74020735 0.13443475]\n",
      " [0.37328634 0.10257463 0.04643904 0.46613119 0.01156879]\n",
      " [0.00214041 0.66490164 0.17916153 0.14477716 0.00901925]\n",
      " [0.70890076 0.00809822 0.15036669 0.08510638 0.04752795]\n",
      " [0.15503737 0.06359837 0.73716647 0.01946923 0.02472857]]\n",
      "Traning Epoch Done\n",
      " \n",
      " \n",
      "EPOCH NO : 26 TRANING\n",
      "Transition Matrix\n",
      "[[5.13579069e-01 3.09880104e-01 4.50531881e-02 1.94617584e-07\n",
      "  3.97601851e-08]\n",
      " [1.03341036e-04 2.15305538e-04 9.99765176e-01 1.33256848e-08\n",
      "  1.41042809e-08]\n",
      " [1.82789137e-06 9.68190055e-04 8.11223881e-01 1.21568836e-05\n",
      "  1.79511982e-01]\n",
      " [6.10355902e-02 4.28136141e-03 1.03257624e-04 9.29248692e-01\n",
      "  4.00708766e-03]\n",
      " [5.37490404e-02 3.89913724e-04 2.25049716e-05 6.37446689e-02\n",
      "  8.18386275e-01]]\n",
      "Emmission Matrix\n",
      "[[0.00272123 0.02477154 0.07881988 0.76846554 0.12522181]\n",
      " [0.38462388 0.0972866  0.04577311 0.46119334 0.01112307]\n",
      " [0.00175036 0.68053515 0.16921206 0.13988761 0.00861482]\n",
      " [0.73223078 0.00738258 0.13631023 0.07742293 0.04665348]\n",
      " [0.12192066 0.0671446  0.76710826 0.01900653 0.02481995]]\n",
      "Traning Epoch Done\n",
      " \n",
      " \n",
      "EPOCH NO : 27 TRANING\n",
      "Transition Matrix\n",
      "[[7.12773163e-01 2.02289254e-01 2.44474051e-02 1.28069963e-08\n",
      "  5.79461627e-09]\n",
      " [5.24356028e-05 1.13461811e-04 9.99913592e-01 2.06946268e-09\n",
      "  2.40987232e-09]\n",
      " [7.07545038e-07 4.99006862e-04 8.60838694e-01 1.97600276e-06\n",
      "  1.31954616e-01]\n",
      " [4.59508960e-02 1.16342393e-03 2.83573078e-05 9.61840333e-01\n",
      "  2.72154224e-03]\n",
      " [1.41162168e-01 1.93549969e-04 6.39638290e-06 4.47976250e-02\n",
      "  6.62377064e-01]]\n",
      "Emmission Matrix\n",
      "[[0.00216054 0.01758955 0.07757277 0.77631016 0.12636698]\n",
      " [0.41104545 0.09716751 0.04637687 0.43465956 0.01075061]\n",
      " [0.00149491 0.69078673 0.16512552 0.13453144 0.0080614 ]\n",
      " [0.75477783 0.0067758  0.12478474 0.0689253  0.04473633]\n",
      " [0.10131903 0.068641   0.78653481 0.01888534 0.02461982]]\n",
      "Traning Epoch Done\n",
      " \n",
      " \n",
      "EPOCH NO : 28 TRANING\n",
      "Transition Matrix\n",
      "[[8.16804268e-01 1.44786295e-01 1.97071748e-02 1.17946423e-09\n",
      "  1.61877687e-09]\n",
      " [1.63711843e-05 4.60804722e-05 9.99976173e-01 2.50304548e-10\n",
      "  4.27925800e-10]\n",
      " [2.39858722e-07 2.70381386e-04 8.98619810e-01 3.46623268e-07\n",
      "  9.73921786e-02]\n",
      " [2.44893116e-02 2.49065596e-04 8.04618364e-06 9.83226095e-01\n",
      "  3.43800131e-03]\n",
      " [2.52758982e-01 8.23903332e-05 1.64049584e-06 4.51501342e-02\n",
      "  5.77384928e-01]]\n",
      "Emmission Matrix\n",
      "[[0.00199284 0.01465928 0.07487526 0.76402067 0.14445195]\n",
      " [0.44475223 0.10113762 0.04795055 0.39612204 0.01003757]\n",
      " [0.00129833 0.69598581 0.16526278 0.13024401 0.00720906]\n",
      " [0.77773009 0.00623799 0.11390409 0.06119794 0.04092989]\n",
      " [0.09040074 0.06643566 0.80185476 0.0180334  0.02327544]]\n",
      "Traning Epoch Done\n",
      " \n",
      " \n",
      "EPOCH NO : 29 TRANING\n",
      "Transition Matrix\n",
      "[[8.52701968e-01 1.19183908e-01 2.32841872e-02 1.91525042e-10\n",
      "  7.20261779e-10]\n",
      " [3.56032261e-06 1.58572479e-05 9.99993769e-01 2.26531848e-11\n",
      "  7.55900876e-11]\n",
      " [7.25054802e-08 1.54122996e-04 9.22101024e-01 6.77780527e-08\n",
      "  7.59803006e-02]\n",
      " [1.04697787e-02 4.75509489e-05 2.46844196e-06 9.87117963e-01\n",
      "  8.33637149e-03]\n",
      " [3.02244914e-01 3.57463974e-05 4.32740984e-07 6.83397702e-02\n",
      "  5.70389449e-01]]\n",
      "Emmission Matrix\n",
      "[[0.00193977 0.01275032 0.07041566 0.74150988 0.17338437]\n",
      " [0.47277061 0.10555348 0.04973917 0.36321422 0.00872252]\n",
      " [0.00109095 0.69854691 0.16702671 0.12726621 0.00606921]\n",
      " [0.80011664 0.00568532 0.10520849 0.05394334 0.03504621]\n",
      " [0.08883892 0.06270932 0.81120426 0.0164709  0.0207766 ]]\n",
      "Traning Epoch Done\n",
      " \n",
      " \n",
      "EPOCH NO : 30 TRANING\n"
     ]
    },
    {
     "name": "stdout",
     "output_type": "stream",
     "text": [
      "Transition Matrix\n",
      "[[8.51326508e-01 1.12524881e-01 3.65830518e-02 4.55268016e-11\n",
      "  3.38390459e-10]\n",
      " [5.83462275e-07 4.84626200e-06 9.99998423e-01 1.48636045e-12\n",
      "  1.14813256e-11]\n",
      " [2.04052447e-08 8.93745755e-05 9.34503054e-01 1.46347162e-08\n",
      "  6.46327382e-02]\n",
      " [3.65109102e-03 8.43592352e-06 7.63202776e-07 9.69570931e-01\n",
      "  2.96622927e-02]\n",
      " [2.63945551e-01 1.43517953e-05 1.07467275e-07 1.20856016e-01\n",
      "  5.86217077e-01]]\n",
      "Emmission Matrix\n",
      "[[0.00189954 0.01055075 0.06552303 0.7226313  0.19939538]\n",
      " [0.491328   0.10825284 0.0516601  0.3415353  0.00722376]\n",
      " [0.0008806  0.70049282 0.16870688 0.12497049 0.00494921]\n",
      " [0.82659664 0.00516729 0.09242469 0.04694836 0.02886302]\n",
      " [0.09064899 0.0576779  0.81991848 0.01439172 0.01736291]]\n",
      "Traning Epoch Done\n",
      " \n",
      " \n",
      "EPOCH NO : 31 TRANING\n",
      "Transition Matrix\n",
      "[[8.16465142e-01 1.19761541e-01 6.95858874e-02 1.03311048e-11\n",
      "  1.28099919e-10]\n",
      " [7.55899857e-08 1.35310897e-06 9.99999612e-01 6.90036638e-14\n",
      "  1.32993239e-12]\n",
      " [5.71156529e-09 5.16075479e-05 9.37656514e-01 3.38905992e-09\n",
      "  6.21171363e-02]\n",
      " [8.04903782e-04 1.28978648e-06 1.74926508e-07 9.26355139e-01\n",
      "  7.66311335e-02]\n",
      " [1.88030810e-01 4.74385751e-06 2.24071372e-08 1.71607554e-01\n",
