{
 "cells": [
  {
   "cell_type": "code",
   "execution_count": 4,
   "metadata": {},
   "outputs": [],
   "source": [
    "import numpy as np\n",
    "import pandas as pd\n",
    "import random"
   ]
  },
  {
   "cell_type": "markdown",
   "metadata": {},
   "source": [
    "As mentioned in read me \n",
    "Default number of hidden states is 5\n",
    "Default number is also 5, all the elements in visible sequence is between [0,4]\n",
    "If you have raw sequence on which HMM has to be applied first get number number of unique hidden states and unique visible states and map states and visible states as follows"
   ]
  },
  {
   "cell_type": "code",
   "execution_count": 186,
   "metadata": {},
   "outputs": [],
   "source": [
    "sequence=[0,1,2,3,1,1,1,1,2,2,2,2,4,4,4,4,4,1,0,0,0,0,0,0,1,1,1,1,2,2,2,2,3,3,3,3,3,4,4,4,4,4,4,0,0,0,0,0,1,1,1,1,1,1,1,1,2,2,2,2,3,3,3,3,3,3,4,4,4,4,1,1]\n",
    "sequence=np.array(sequence)\n",
    "intial=[0.05,0.5,0.3,0.05,0.1]\n",
    "intial=np.array(intial)"
   ]
  },
  {
   "cell_type": "code",
   "execution_count": 187,
   "metadata": {},
   "outputs": [],
   "source": [
    "### .............................................................Implementation of hidden markov model.................................................................\n",
    "## 3 Taks to train HMM\n",
    "  ## 1) Forward Algorithm\n",
    "  ## 2) Backward Algorithm\n",
    "  ## 3) Forward Backward Algorithm\n",
    "\n",
    "class HMM:\n",
    "    def __init__(self,sequence,initial_matrix,number_states=5,number_output=5,n_epochs=30):\n",
    "        self.seq=sequence\n",
    "        self.tras=np.random.uniform(0,1,(number_states,number_states))  ## Transition Matrix \n",
    "        #self.tras=np.zeros(shape=(number_states,number_states))        ## Initialized with random number drawn from uniform (0,1)\n",
    "        self.emiss=np.random.uniform(0,1,(number_states,number_output)) ## Emission Matrix\n",
    "        #self.emiss=np.zeros(shape=(number_states,number_output))\n",
    "\n",
    "        self.iprob=initial_matrix         ## Intial Probabilty matrix (Pie)\n",
    "        \n",
    "        self.states=number_states         ## Number of hidden States\n",
    "        \n",
    "        self.out=number_output            ## Number of Visible States\n",
    "        \n",
    "        self.epochs=n_epochs              ## Number of Iterations default value is 30\n",
    "        \n",
    "        self.BDP=np.zeros(shape=(number_states,len(self.seq)))  ## 2d numpy array to store alpha(state,time)\n",
    "        \n",
    "        self.FDP=np.zeros(shape=(number_states,len(self.seq)))   ## 2d numpy array to store  Beta(state,time)\n",
    "        \n",
    "        self.n_epochs=n_epochs\n",
    "        \n",
    "    def forward(self):                                                          \n",
    "        nstates=self.states                                                       \n",
    "        nlength=len(self.seq)                                                     \n",
    "        maxi=0\n",
    "        index=0                                                                     \n",
    "        for j in range(nlength):\n",
    "            for i in range(nstates):                         \n",
    "                if j==0:\n",
    "                    self.FDP[i][j]=self.iprob[i]*self.emiss[i][self.seq[j]]\n",
    "                else:\n",
    "                    for k in range(nstates):\n",
    "                        self.FDP[i][j]+=(self.FDP[k][j-1]*self.tras[k][i]*self.emiss[i][self.seq[j]])\n",
    "                    \n",
    "        for j in range(nlength):\n",
    "            sum1=0.0\n",
    "            for i in range(nstates):\n",
    "                sum1+=self.FDP[i][j]\n",
    "            for i in range(nstates):\n",
    "                self.FDP[i][j]=self.FDP[i][j]/sum1\n",
    "        \n",
    "    ## Dynamic algorithm Space complexity O(states*length of Sequence) Time complexity O(states*states*length of sequence)\n",
    "    def GiveProb(self):\n",
    "        nstates=self.states                                                       \n",
    "        nlength=len(self.seq)\n",
    "        print(self.FDP.shape)\n",
    "        for i in range(nstates):\n",
    "            print(self.FDP[i][nlength-1])\n",
    "        \n",
    "    def one(self):\n",
    "        nstates=self.states                                                       \n",
    "        nlength=len(self.seq)\n",
    "        \n",
    "        for j in range(nlength):\n",
    "            for i in range(nstates):\n",
    "                    if(self.FDP[i][j]>1):\n",
    "                        print(\"Fraud\")\n",
    "        \n",
    "    def backward(self):\n",
    "        ## Algo for calculating B(state,time)\n",
    "        nstates=self.states                                                 \n",
    "        nlength=len(self.seq)                                                     \n",
    "        for j in range(nlength-1,-1,-1):\n",
    "            for i in range(nstates):\n",
    "                if(j==nlength-1):\n",
    "                    self.BDP[i][j]=1.0\n",
    "                else:\n",
    "                    for k in range(nstates):\n",
    "                        self.BDP[i][j]+=(self.tras[i][k]*self.emiss[k][self.seq[j+1]]*self.BDP[k][j+1])\n",
    "                   \n",
    "        sum1=0\n",
    "        for j in range(nlength):\n",
    "            for i in range(nstates):\n",
    "                sum1+=self.BDP[i][j]\n",
    "            for i in range(nstates):\n",
    "                self.BDP[i][j]=self.BDP[i][j]/sum1\n",
    "    def not_quite(self,time,curr_state,next_state):\n",
    "        #self.forward()\n",
    "        #self.backward()\n",
    "        ## Algo for calculating mu as per paper\n",
    "        nstates=self.states                                                 \n",
    "        nlength=len(self.seq)\n",
    "        deno=0\n",
    "        for i in range(nstates):\n",
    "            deno+=self.FDP[i][time]*self.BDP[i][time]\n",
    "        numo=self.FDP[curr_state][time]*self.tras[curr_state][next_state]*self.emiss[next_state][self.seq[time+1]]*self.BDP[next_state][time+1]\n",
    "        return numo/deno\n",
    "    \n",
    "    \n",
    "    def corrected_transition(self):\n",
    "        ## Corrected transiton matrix \n",
    "        nstates=self.states                                                 \n",
    "        nlength=len(self.seq)\n",
    "        \n",
    "        for i in  range(nstates):\n",
    "            for j in range(nstates):\n",
    "                numo=0\n",
    "                deno=0\n",
    "                for time in range(nlength-1):\n",
    "                    numo+=self.not_quite(time,i,j)\n",
    "                    for state in range(nstates):\n",
    "                        deno+=self.not_quite(time,i,state)\n",
    "                self.tras[i][j]=numo/deno\n",
    "    \n",
    "    \n",
    "    def not_quite2(self,time,state):\n",
    "        nstates=self.states                                                 \n",
    "        nlength=len(self.seq)\n",
    "        deno=0\n",
    "        for st in range(nstates):\n",
    "            deno+=self.FDP[st][time]*self.BDP[st][time]\n",
    "        return self.FDP[state][time]*self.BDP[state][time]/deno\n",
    "    \n",
    "    \n",
    "    def corrected_emmision(self):\n",
    "        # Algorithm for calculating gamma as per pdf\n",
    "        nstates=self.states                                                 \n",
    "        nlength=len(self.seq)\n",
    "        nout=self.out\n",
    "        for states in (range(nstates)):\n",
    "            for out in (range(nout)):\n",
    "                numo=0\n",
    "                deno=0\n",
    "                for time in range(nlength):\n",
    "                    if(self.seq[time]==out):\n",
    "                        numo+=self.not_quite2(time,states)\n",
    "                    deno+=self.not_quite2(time,states)\n",
    "                self.emiss[states][out]=numo/deno\n",
    "                \n",
    "    def display(self):\n",
    "        print(\"Transition Matrix\")\n",
    "        print(self.tras)\n",
    "        print(\" \")\n",
    "        print(\" \")\n",
    "        print(\"Emmision Matrix\")\n",
    "        print(self.emiss)\n",
    "            \n",
    "    def train(self):\n",
    "        for epoch in range(self.n_epochs):               ## Iterating fot number of epochs\n",
    "            print(\"EPOCH NO : {} TRANING\".format(epoch))\n",
    "            self.forward()                               ## calculate corrected alpha \n",
    "            self.backward()                              ## calculate corrected Beta\n",
    "            self.corrected_transition()                  ## Corrected Transition matrix\n",
    "            self.corrected_emmision()                    ## Corrected Emission matrix\n",
    "            print(\"Transition Matrix\")\n",
    "            print(self.tras)\n",
    "            print(\"Emmission Matrix\")\n",
    "            print(self.emiss)\n",
    "            print(\"Traning Epoch Done\")\n",
    "            print(\" \")\n",
    "            print(\" \")"
   ]
  },
  {
   "cell_type": "code",
   "execution_count": 188,
   "metadata": {},
   "outputs": [],
   "source": [
    "# deno+=self.not_quite(time,i,states)"
   ]
  },
  {
   "cell_type": "code",
   "execution_count": 189,
   "metadata": {},
   "outputs": [],
   "source": [
    "hm=HMM(sequence,intial,n_epochs=50)"
   ]
  },
  {
   "cell_type": "code",
   "execution_count": 190,
   "metadata": {},
   "outputs": [],
   "source": [
    "hm.one()"
   ]
  },
  {
   "cell_type": "code",
   "execution_count": 191,
   "metadata": {},
   "outputs": [
    {
     "name": "stdout",
     "output_type": "stream",
     "text": [
      "EPOCH NO : 0 TRANING\n",
      "Transition Matrix\n",
      "[[0.4741985  0.06532616 0.09863843 0.51473317 0.00325948]\n",
      " [0.13458487 0.46379499 0.22299997 0.24065888 0.21918742]\n",
      " [0.29857849 0.50134037 0.14018845 0.02368474 0.12080468]\n",
      " [0.39417236 0.22676663 0.18283008 0.04401028 0.21904476]\n",
      " [0.19702796 0.385104   0.04080632 0.1640585  0.49893791]]\n",
      "Emmission Matrix\n",
      "[[0.01337212 0.36878384 0.26139782 0.00449353 0.35195269]\n",
      " [0.29549879 0.34341394 0.08963558 0.21198697 0.05946472]\n",
      " [0.41254777 0.11554167 0.12973211 0.12551027 0.21666817]\n",
      " [0.10745235 0.27763849 0.26218958 0.13055172 0.22216786]\n",
      " [0.11329735 0.05775769 0.10004064 0.59126249 0.13764183]]\n",
      "Traning Epoch Done\n",
      " \n",
      " \n",
      "EPOCH NO : 1 TRANING\n",
      "Transition Matrix\n",
      "[[0.54752081 0.04490624 0.05051472 0.33331499 0.00225465]\n",
      " [0.09478095 0.44985931 0.13171116 0.13749299 0.25414798]\n",
      " [0.23632946 0.55520936 0.10872697 0.0136714  0.115478  ]\n",
      " [0.40378227 0.21122334 0.11623127 0.03163978 0.25098536]\n",
      " [0.09938282 0.20938934 0.01779913 0.07855844 0.75861907]]\n",
      "Emmission Matrix\n",
      "[[0.01022473 0.36502323 0.25985112 0.00322577 0.36167515]\n",
      " [0.31977034 0.35821507 0.08857082 0.18082057 0.05262321]\n",
      " [0.4266723  0.12134663 0.1287613  0.11374274 0.20947703]\n",
      " [0.09241019 0.28206593 0.2699935  0.12142115 0.23410923]\n",
      " [0.10036151 0.05443533 0.09555233 0.63528717 0.11436366]]\n",
      "Traning Epoch Done\n",
      " \n",
      " \n",
      "EPOCH NO : 2 TRANING\n",
      "Transition Matrix\n",
      "[[0.65940309 0.03113861 0.02752292 0.24536958 0.00193656]\n",
      " [0.07891817 0.48139341 0.09135279 0.08595065 0.27890621]\n",
      " [0.1924108  0.61079542 0.09297396 0.00836534 0.11435517]\n",
      " [0.40173311 0.18199192 0.0763376  0.02511989 0.33804582]\n",
      " [0.05468783 0.07315751 0.00592061 0.03373532 0.92257914]]\n",
      "Emmission Matrix\n",
      "[[0.00758212 0.36362061 0.25140879 0.00205368 0.3753348 ]\n",
      " [0.35269758 0.38129201 0.08751343 0.13075719 0.04773979]\n",
      " [0.46536717 0.1259111  0.12761172 0.08243241 0.19867761]\n",
      " [0.08438586 0.28455277 0.2928274  0.09864835 0.23958563]\n",
      " [0.07944889 0.04757208 0.09617728 0.68249324 0.09430852]]\n",
      "Traning Epoch Done\n",
      " \n",
      " \n",
      "EPOCH NO : 3 TRANING\n",
      "Transition Matrix\n",
      "[[0.73213246 0.02141166 0.0154045  0.2122963  0.00176757]\n",
      " [0.07012437 0.56130786 0.07165786 0.05524176 0.22567632]\n",
      " [0.15404722 0.67074937 0.08700469 0.00542776 0.09786125]\n",
      " [0.375546   0.14458651 0.05023679 0.02331652 0.44595574]\n",
      " [0.04622491 0.01946165 0.00185106 0.01706344 0.94509352]]\n",
      "Emmission Matrix\n",
      "[[0.00539853 0.3626584  0.23963039 0.00137496 0.39093772]\n",
      " [0.39072121 0.40315377 0.08296155 0.08254559 0.04061787]\n",
      " [0.51508087 0.12744793 0.1192796  0.05603699 0.18215461]\n",
      " [0.07688046 0.27980866 0.3259196  0.08077934 0.23661194]\n",
      " [0.06039375 0.04126677 0.10465704 0.71422387 0.07945857]]\n",
      "Traning Epoch Done\n",
      " \n",
      " \n",
      "EPOCH NO : 4 TRANING\n",
      "Transition Matrix\n",
      "[[7.63572929e-01 1.42873595e-02 8.78902452e-03 2.06180756e-01\n",
      "  1.48125725e-03]\n",
      " [6.08181417e-02 6.95156981e-01 6.07670325e-02 3.39443879e-02\n",
      "  1.24241394e-01]\n",
      " [1.17441798e-01 7.36073578e-01 8.83590059e-02 3.59082416e-03\n",
      "  6.83624142e-02]\n",
      " [3.42654482e-01 1.06041466e-01 3.28501933e-02 2.49478515e-02\n",
      "  5.35925792e-01]\n",
      " [6.12445652e-02 4.32874160e-03 5.74526284e-04 1.06457468e-02\n",
      "  9.11999447e-01]]\n",
      "Emmission Matrix\n",
      "[[0.00363097 0.35772106 0.2333456  0.0009496  0.40435277]\n",
      " [0.42683177 0.42232944 0.07047574 0.04784208 0.03252096]\n",
      " [0.56514895 0.12631504 0.10340667 0.03977217 0.16535717]\n",
      " [0.06660707 0.26725023 0.3684155  0.07018258 0.22754462]\n",
      " [0.04219961 0.03459458 0.11379806 0.74054711 0.06886064]]\n",
      "Traning Epoch Done\n",
      " \n",
      " \n",
      "EPOCH NO : 5 TRANING\n",
      "Transition Matrix\n",
      "[[7.69936733e-01 9.60345051e-03 5.36672189e-03 2.13671463e-01\n",
      "  1.08677360e-03]\n",
      " [4.73124039e-02 8.28160208e-01 5.23146384e-02 1.92050748e-02\n",
      "  4.55555810e-02]\n",
      " [8.14021663e-02 7.96999672e-01 9.48577958e-02 2.30354609e-03\n",
      "  3.87354920e-02]\n",
      " [3.14846243e-01 7.41437595e-02 2.18042163e-02 3.02451599e-02\n",
      "  5.92062407e-01]\n",
      " [9.37532469e-02 7.81978958e-04 1.49365245e-04 6.61523661e-03\n",
      "  8.58537945e-01]]\n",
      "Emmission Matrix\n",
      "[[2.22733063e-03 3.45999317e-01 2.34109154e-01 6.48185508e-04\n",
      "  4.17016013e-01]\n",
      " [4.52693971e-01 4.42860212e-01 5.25368428e-02 2.66995020e-02\n",
      "  2.52094724e-02]\n",
      " [6.05767299e-01 1.23704175e-01 8.42015869e-02 3.09511695e-02\n",
      "  1.55375770e-01]\n",
      " [5.22046575e-02 2.46952465e-01 4.20703759e-01 6.28454255e-02\n",
      "  2.17293693e-01]\n",
      " [2.51008165e-02 2.67894994e-02 1.21914826e-01 7.65230339e-01\n",
      "  6.09645186e-02]]\n",
      "Traning Epoch Done\n",
      " \n",
      " \n",
      "EPOCH NO : 6 TRANING\n",
      "Transition Matrix\n",
      "[[7.65897302e-01 7.24918241e-03 3.89570237e-03 2.23860245e-01\n",
      "  6.80104698e-04]\n",
      " [3.41831724e-02 9.04090709e-01 4.41398081e-02 1.01735781e-02\n",
      "  1.14324521e-02]\n",
      " [4.99939526e-02 8.39439220e-01 1.04444535e-01 1.37432544e-03\n",
      "  1.77118538e-02]\n",
      " [3.00077068e-01 5.36870042e-02 1.56918872e-02 4.05813411e-02\n",
      "  6.04315062e-01]\n",
      " [1.27397867e-01 1.23533637e-04 3.05097209e-05 3.63208143e-03\n",
      "  8.32136149e-01]]\n",
      "Emmission Matrix\n",
      "[[1.23019774e-03 3.25636002e-01 2.40877539e-01 4.77474017e-04\n",
      "  4.31778788e-01]\n",
      " [4.60398305e-01 4.67641052e-01 3.59198450e-02 1.63344855e-02\n",
      "  1.97063120e-02]\n",
      " [6.32115442e-01 1.19500068e-01 6.58315874e-02 2.77873852e-02\n",
      "  1.54765518e-01]\n",
      " [3.64988653e-02 2.19051133e-01 4.79508752e-01 5.77641543e-02\n",
      "  2.07177096e-01]\n",
      " [1.25983041e-02 1.93599453e-02 1.26114848e-01 7.87256166e-01\n",
      "  5.46707363e-02]]\n",
      "Traning Epoch Done\n",
      " \n",
      " \n",
      "EPOCH NO : 7 TRANING\n",
      "Transition Matrix\n",
      "[[7.61188533e-01 6.77160347e-03 3.69186183e-03 2.29251199e-01\n",
      "  3.66051097e-04]\n",
      " [2.60557395e-02 9.35157665e-01 3.60131889e-02 5.38426877e-03\n",
      "  2.11885648e-03]\n",
      " [2.72076335e-02 8.57746797e-01 1.17506807e-01 7.45172568e-04\n",
      "  6.56630362e-03]\n",
      " [3.00541265e-01 4.36020277e-02 1.31941266e-02 5.89416369e-02\n",
      "  5.74843266e-01]\n",
      " [1.46392961e-01 1.93731529e-05 5.27913101e-06 1.78932328e-03\n",
      "  8.34333867e-01]]\n",
      "Emmission Matrix\n",
      "[[6.46517438e-04 2.99635723e-01 2.50477877e-01 3.90649398e-04\n",
      "  4.48849233e-01]\n",
      " [4.53501625e-01 4.94074183e-01 2.44046104e-02 1.19572439e-02\n",
      "  1.60623378e-02]\n",
      " [6.49499729e-01 1.12500149e-01 4.97422049e-02 2.78074629e-02\n",
      "  1.60450454e-01]\n",
      " [2.42033664e-02 1.89180619e-01 5.37008462e-01 5.23702664e-02\n",
      "  1.97237286e-01]\n",
      " [5.80076443e-03 1.37625794e-02 1.26781356e-01 8.05024582e-01\n",
      "  4.86307180e-02]]\n",
      "Traning Epoch Done\n",
      " \n",
      " \n",
      "EPOCH NO : 8 TRANING\n",
      "Transition Matrix\n",
      "[[7.58593960e-01 8.19542280e-03 4.77762002e-03 2.28160477e-01\n",
      "  1.75458504e-04]\n",
      " [2.35091985e-02 9.46649189e-01 2.82327021e-02 3.18657204e-03\n",
      "  3.23970988e-04]\n",
      " [1.32059901e-02 8.54719758e-01 1.36847066e-01 3.62860035e-04\n",
      "  1.98408961e-03]\n",
      " [3.09895006e-01 4.10319677e-02 1.34488795e-02 9.04937056e-02\n",
      "  5.14984993e-01]\n",
      " [1.51615569e-01 3.29083806e-06 8.42855072e-07 8.15280369e-04\n",
      "  8.43378058e-01]]\n",
      "Emmission Matrix\n",
      "[[3.47763657e-04 2.73214134e-01 2.59282543e-01 3.38272615e-04\n",
      "  4.66817287e-01]\n",
      " [4.41392345e-01 5.17444160e-01 1.73523651e-02 1.02256592e-02\n",
      "  1.35854703e-02]\n",
      " [6.63611293e-01 1.02697824e-01 3.69183271e-02 2.93651654e-02\n",
      "  1.67407390e-01]\n",
      " [1.63580270e-02 1.63183191e-01 5.87521808e-01 4.54682734e-02\n",
      "  1.87468701e-01]\n",
      " [2.66858883e-03 9.99649804e-03 1.25741586e-01 8.19421366e-01\n",
      "  4.21719617e-02]]\n",
      "Traning Epoch Done\n",
      " \n",
      " \n",
      "EPOCH NO : 9 TRANING\n",
      "Transition Matrix\n",
      "[[7.54529073e-01 1.28785970e-02 8.38664412e-03 2.22011733e-01\n",
      "  7.74181254e-05]\n",
      " [2.64657094e-02 9.46812362e-01 2.10755512e-02 2.38019162e-03\n",
      "  4.58555309e-05]\n",
      " [5.71240512e-03 8.33669005e-01 1.66617290e-01 1.58199358e-04\n",
      "  4.87910518e-04]\n",
      " [3.14481654e-01 4.42130825e-02 1.63993229e-02 1.43760036e-01\n",
      "  4.36622146e-01]\n",
      " [1.52007232e-01 6.28648739e-07 1.28864095e-07 3.48672588e-04\n",
      "  8.47480125e-01]]\n",
      "Emmission Matrix\n",
      "[[2.04823631e-04 2.48950173e-01 2.65139856e-01 3.01037427e-04\n",
      "  4.85404110e-01]\n",
      " [4.29109461e-01 5.36692509e-01 1.31227813e-02 9.63028280e-03\n",
      "  1.14449658e-02]\n",
      " [6.77887158e-01 9.17904314e-02 2.77358201e-02 3.17454173e-02\n",
      "  1.70841173e-01]\n",
      " [1.17629697e-02 1.42406276e-01 6.30490216e-01 3.79503984e-02\n",
      "  1.77390140e-01]\n",
      " [1.27492444e-03 7.47218506e-03 1.23701780e-01 8.31990636e-01\n",
      "  3.55604742e-02]]\n",
      "Traning Epoch Done\n",
      " \n",
      " \n",
      "EPOCH NO : 10 TRANING\n",
      "Transition Matrix\n",
      "[[7.41041763e-01 2.46035960e-02 1.83197536e-02 2.09718183e-01\n",
      "  3.15941919e-05]\n",
      " [3.62313586e-02 9.34006108e-01 1.48415380e-02 2.42855254e-03\n",
      "  6.51800647e-06]\n",
      " [2.16854684e-03 7.93626744e-01 2.13526929e-01 6.19151958e-05\n",
      "  9.63902528e-05]\n",
      " [2.97540372e-01 5.05742143e-02 2.20501482e-02 2.32981060e-01\n",
      "  3.48338275e-01]\n",
      " [1.54365136e-01 1.34338361e-07 1.82855324e-08 1.39662288e-04\n",
      "  8.43545756e-01]]\n",
      "Emmission Matrix\n",
      "[[1.46678179e-04 2.26147634e-01 2.66935502e-01 2.73703843e-04\n",
      "  5.06496482e-01]\n",
      " [4.17023706e-01 5.53897010e-01 1.05546267e-02 9.56539720e-03\n",
      "  8.95926037e-03]\n",
      " [6.95332075e-01 8.14296000e-02 2.15860547e-02 3.45135322e-02\n",
      "  1.67138738e-01]\n",
      " [9.22830209e-03 1.24434345e-01 6.70641758e-01 3.09429707e-02\n",
      "  1.64752624e-01]\n",
      " [6.38606454e-04 5.71374468e-03 1.20290734e-01 8.44010880e-01\n",
      "  2.93460345e-02]]\n",
      "Traning Epoch Done\n",
      " \n",
      " \n",
      "EPOCH NO : 11 TRANING\n"
     ]
    },
    {
     "name": "stdout",
     "output_type": "stream",
     "text": [
      "Transition Matrix\n",
      "[[7.11495420e-01 4.79348126e-02 4.07448858e-02 1.88032022e-01\n",
      "  1.15540265e-05]\n",
      " [5.47233473e-02 9.06576461e-01 9.88007350e-03 3.50251248e-03\n",
      "  9.33996057e-07]\n",
      " [6.94228209e-04 7.27019605e-01 2.90442472e-01 2.15269189e-05\n",
      "  1.46179788e-05]\n",
      " [2.47345797e-01 5.09868860e-02 2.71000487e-02 3.83076503e-01\n",
      "  2.56335825e-01]\n",
      " [1.61740623e-01 3.12953207e-08 2.19391119e-09 5.11402630e-05\n",
      "  8.31806893e-01]]\n",
      "Emmission Matrix\n",
      "[[1.48929083e-04 2.03932777e-01 2.62312835e-01 2.55184670e-04\n",
      "  5.33350274e-01]\n",
      " [4.04015365e-01 5.71204327e-01 8.98443882e-03 9.78926295e-03\n",
      "  6.00660568e-03]\n",
      " [7.15712429e-01 7.21187482e-02 1.73619571e-02 3.69427494e-02\n",
      "  1.57864117e-01]\n",
      " [7.84104778e-03 1.06078562e-01 7.18078877e-01 2.49270632e-02\n",
      "  1.43074450e-01]\n",
      " [3.33170412e-04 4.43548631e-03 1.14457230e-01 8.56758783e-01\n",
      "  2.40153296e-02]]\n",
      "Traning Epoch Done\n",
      " \n",
      " \n",
      "EPOCH NO : 12 TRANING\n",
      "Transition Matrix\n",
      "[[6.76684511e-01 7.64014034e-02 7.42058455e-02 1.62665198e-01\n",
      "  3.64381379e-06]\n",
      " [7.86244701e-02 8.77368220e-01 6.37624622e-03 7.44829519e-03\n",
      "  1.19466656e-07]\n",
      " [1.76897322e-04 6.18261013e-01 4.20584951e-01 6.25350138e-06\n",
      "  1.50458418e-06]\n",
      " [1.65564840e-01 3.43309898e-02 2.29491385e-02 6.08681031e-01\n",
      "  1.68841656e-01]\n",
      " [1.74626855e-01 7.90654832e-09 2.06714843e-10 1.60254437e-05\n",
      "  8.14040309e-01]]\n",
      "Emmission Matrix\n",
      "[[2.13350627e-04 1.84500825e-01 2.44819953e-01 2.46956077e-04\n",
      "  5.70218916e-01]\n",
      " [3.88900405e-01 5.89404032e-01 8.02152572e-03 1.02286174e-02\n",
      "  3.44541926e-03]\n",
      " [7.34875416e-01 6.33326230e-02 1.39171905e-02 3.75971183e-02\n",
      "  1.50277653e-01]\n",
      " [6.48886966e-03 8.61482348e-02 7.81385858e-01 1.95947721e-02\n",
      "  1.06382265e-01]\n",
      " [1.77043744e-04 3.48799646e-03 1.03850411e-01 8.72574287e-01\n",
      "  1.99102620e-02]]\n",
      "Traning Epoch Done\n",
      " \n",
      " \n",
      "EPOCH NO : 13 TRANING\n",
      "Transition Matrix\n",
      "[[6.62143808e-01 9.13428418e-02 1.03913250e-01 1.37349970e-01\n",
      "  9.03868291e-07]\n",
      " [8.94516213e-02 8.71341487e-01 4.12395902e-03 2.42077805e-02\n",
      "  1.02917361e-08]\n",
      " [3.42986526e-05 4.50701933e-01 6.25720182e-01 1.27469575e-06\n",
      "  8.41955666e-08]\n",
      " [8.21755638e-02 1.25288533e-02 1.08287679e-02 8.08655786e-01\n",
      "  1.09375827e-01]\n",
      " [1.92359106e-01 2.19301041e-09 1.55141601e-11 3.69215393e-06\n",
      "  7.92166162e-01]]\n",
      "Emmission Matrix\n",
      "[[3.27043655e-04 1.70859181e-01 2.05599423e-01 2.51840094e-04\n",
      "  6.22962512e-01]\n",
      " [3.68762445e-01 6.10986742e-01 7.38771076e-03 1.09513368e-02\n",
      "  1.91176553e-03]\n",
      " [7.60150320e-01 5.37531261e-02 1.05787082e-02 3.48467079e-02\n",
      "  1.40671138e-01]\n",
      " [4.33262826e-03 6.88841415e-02 8.49198144e-01 1.47107364e-02\n",
      "  6.28743496e-02]\n",
      " [9.20845317e-05 2.80021647e-03 8.51625867e-02 8.94998438e-01\n",
      "  1.69466741e-02]]\n",
      "Traning Epoch Done\n",
      " \n",
      " \n",
      "EPOCH NO : 14 TRANING\n",
      "Transition Matrix\n",
      "[[6.89679342e-01 8.57377384e-02 1.19059025e-01 9.63419072e-02\n",
      "  1.49991286e-07]\n",
      " [5.82603649e-02 8.72259327e-01 2.58841091e-03 8.64216847e-02\n",
      "  3.88090932e-10]\n",
      " [4.57818996e-06 2.50309714e-01 8.43573644e-01 1.29061495e-07\n",
      "  2.08852857e-09]\n",
      " [3.51405295e-02 2.64408811e-03 3.15155356e-03 8.88962483e-01\n",
      "  8.65178847e-02]\n",
      " [2.13150596e-01 6.64118731e-10 9.36849130e-13 5.05815402e-07\n",
      "  7.69129428e-01]]\n",
      "Emmission Matrix\n",
      "[[4.31327994e-04 1.53534441e-01 1.52880618e-01 2.68248751e-04\n",
      "  6.92885364e-01]\n",
      " [3.29536522e-01 6.50116312e-01 7.10878505e-03 1.21302685e-02\n",
      "  1.10811150e-03]\n",
      " [8.09835291e-01 4.20124748e-02 7.22939168e-03 2.75384864e-02\n",
      "  1.13384356e-01]\n",
      " [2.14480695e-03 5.56895876e-02 9.01285501e-01 1.11352271e-02\n",
      "  2.97448774e-02]\n",
      " [4.28296084e-05 2.29536741e-03 6.25524591e-02 9.20623524e-01\n",
      "  1.44858196e-02]]\n",
      "Traning Epoch Done\n",
      " \n",
      " \n",
      "EPOCH NO : 15 TRANING\n",
      "Transition Matrix\n",
      "[[7.58462643e-01 6.88080664e-02 1.20979186e-01 3.68376097e-02\n",
      "  1.39059242e-08]\n",
      " [1.30387753e-02 8.33365973e-01 1.31091550e-03 1.68801562e-01\n",
      "  6.24785791e-12]\n",
      " [3.85510723e-07 1.19167404e-01 9.39488797e-01 4.99801808e-09\n",
      "  2.37721009e-11]\n",
      " [1.77282886e-02 3.97249789e-04 6.82378901e-04 8.99020307e-01\n",
      "  9.08173641e-02]\n",
      " [2.33539931e-01 2.20579817e-10 4.03911314e-14 3.44800089e-08\n",
      "  7.49711711e-01]]\n",
      "Emmission Matrix\n",
      "[[4.43116757e-04 1.24072989e-01 9.80389216e-02 2.91033202e-04\n",
      "  7.77153940e-01]\n",
      " [2.54919064e-01 7.22925892e-01 7.43378049e-03 1.40901789e-02\n",
      "  6.31084771e-04]\n",
      " [8.74243889e-01 3.18430510e-02 4.37615454e-03 1.88699013e-02\n",
      "  7.06670039e-02]\n",
      " [7.56448971e-04 4.28286574e-02 9.35990094e-01 8.76764720e-03\n",
      "  1.16571524e-02]\n",
      " [1.59118329e-05 1.89421639e-03 4.30805724e-02 9.43160791e-01\n",
      "  1.18485081e-02]]\n",
      "Traning Epoch Done\n",
      " \n",
      " \n",
      "EPOCH NO : 16 TRANING\n",
      "Transition Matrix\n",
      "[[8.15739293e-01 5.47518481e-02 1.14051922e-01 6.14889521e-03\n",
      "  6.22453209e-10]\n",
      " [9.80675535e-04 8.22713602e-01 4.82432831e-04 1.78668024e-01\n",
      "  5.93428437e-14]\n",
      " [2.17822284e-08 8.17244557e-02 9.42476648e-01 8.71815035e-11\n",
      "  1.52212709e-13]\n",
      " [1.49759244e-02 5.17045131e-05 1.10608664e-04 8.68912553e-01\n",
      "  1.21928746e-01]\n",
      " [2.50960437e-01 8.27780487e-11 1.03123890e-15 1.03201130e-09\n",
      "  7.35275240e-01]]\n",
      "Emmission Matrix\n",
      "[[3.59411220e-04 1.05500179e-01 5.25464284e-02 3.03969886e-04\n",
      "  8.41290012e-01]\n",
      " [1.72144762e-01 8.03185608e-01 7.44686792e-03 1.69067733e-02\n",
      "  3.15988449e-04]\n",
      " [9.21236731e-01 2.73586162e-02 2.71825652e-03 1.34572849e-02\n",
      "  3.52291119e-02]\n",
      " [2.27406048e-04 3.23509957e-02 9.56182622e-01 7.17988310e-03\n",
      "  4.05909360e-03]\n",
      " [5.26451806e-06 1.55420923e-03 2.88273926e-02 9.60740545e-01\n",
      "  8.87258832e-03]]\n",
      "Traning Epoch Done\n",
      " \n",
      " \n",
      "EPOCH NO : 17 TRANING\n",
      "Transition Matrix\n",
      "[[8.34928575e-01 5.05060704e-02 1.11323210e-01 5.01776161e-04\n",
      "  1.36456586e-11]\n",
      " [3.40464346e-05 8.45729457e-01 1.43458832e-04 1.50575469e-01\n",
      "  3.97656814e-16]\n",
      " [8.36366011e-10 1.03667598e-01 8.72058725e-01 8.85225368e-13\n",
      "  6.19592906e-16]\n",
      " [2.54789930e-02 6.16894614e-06 1.27366936e-05 7.89448993e-01\n",
      "  1.81030688e-01]\n",
      " [2.49178661e-01 3.72031175e-11 1.62537944e-17 1.48782739e-11\n",
      "  7.52151990e-01]]\n",
      "Emmission Matrix\n",
      "[[2.66098953e-04 9.56750721e-02 2.90930491e-02 2.99696973e-04\n",
      "  8.74666083e-01]\n",
      " [1.10310525e-01 8.62577786e-01 6.85057579e-03 2.01182485e-02\n",
      "  1.42864271e-04]\n",
      " [9.46372208e-01 2.60623971e-02 1.91241613e-03 1.03376853e-02\n",
      "  1.53152936e-02]\n",
      " [7.44191820e-05 2.42574658e-02 9.68122300e-01 6.00244442e-03\n",
      "  1.54337099e-03]\n",
      " [1.79150811e-06 1.24579583e-03 2.07875030e-02 9.71711355e-01\n",
      "  6.25355433e-03]]\n",
      "Traning Epoch Done\n",
      " \n",
      " \n",
      "EPOCH NO : 18 TRANING\n",
      "Transition Matrix\n",
      "[[8.32175423e-01 5.40754831e-02 1.13752287e-01 2.37240118e-05\n",
      "  1.69461628e-13]\n",
      " [7.35160363e-07 8.67349360e-01 4.06409291e-05 1.29736355e-01\n",
      "  2.21094008e-18]\n",
      " [2.12977643e-11 1.67447651e-01 7.54793626e-01 5.87684447e-15\n",
      "  1.60651845e-18]\n",
      " [6.57365279e-02 6.46939897e-07 9.03880975e-07 6.42649722e-01\n",
      "  2.31353225e-01]\n",
      " [2.20904957e-01 2.17201916e-11 1.85790112e-19 1.34380061e-13\n",
      "  7.99125569e-01]]\n",
      "Emmission Matrix\n",
      "[[2.08041070e-04 8.86652542e-02 1.73054717e-02 2.80066182e-04\n",
      "  8.93541167e-01]\n",
      " [6.39808703e-02 9.05775687e-01 6.46007538e-03 2.37231185e-02\n",
      "  6.02490684e-05]\n",
      " [9.58947781e-01 2.52459915e-02 1.46791639e-03 8.19805304e-03\n",
      "  6.14025775e-03]\n",
      " [2.89656366e-05 1.75697386e-02 9.76627464e-01 4.92485836e-03\n",
      "  8.48973026e-04]\n",
      " [6.76629253e-07 9.67779261e-04 1.72358242e-02 9.77496936e-01\n",
      "  4.29878386e-03]]\n",
      "Traning Epoch Done\n",
      " \n",
      " \n",
      "EPOCH NO : 19 TRANING\n",
      "Transition Matrix\n",
      "[[8.25160202e-01 6.13490150e-02 1.13775868e-01 7.63956370e-07\n",
      "  1.48160360e-15]\n",
      " [1.19120653e-08 8.78240461e-01 1.18248651e-05 1.20420622e-01\n",
      "  1.12745342e-20]\n",
      " [3.35833205e-13 2.14157564e-01 7.41542850e-01 2.92550445e-17\n",
      "  2.88480497e-21]\n",
      " [1.24799982e-01 6.82125256e-08 4.08729725e-08 5.62758869e-01\n",
      "  2.41063200e-01]\n",
      " [1.92551180e-01 1.71025866e-11 1.83078937e-21 1.02145706e-15\n",
      "  8.27910198e-01]]\n",
      "Emmission Matrix\n",
      "[[1.78413950e-04 8.32510593e-02 9.63586328e-03 2.53301554e-04\n",
      "  9.06681362e-01]\n",
      " [3.21520060e-02 9.33646211e-01 6.58761240e-03 2.75911379e-02\n",
      "  2.30326813e-05]\n",
      " [9.64699844e-01 2.45316905e-02 1.22016131e-03 7.14424530e-03\n",
      "  2.40405884e-03]\n",
      " [1.35221827e-05 1.23595249e-02 9.82889517e-01 3.83955397e-03\n",
      "  8.97882203e-04]\n",
      " [3.02348173e-07 7.43766672e-04 1.48683746e-02 9.81526246e-01\n",
      "  2.86131053e-03]]\n",
      "Traning Epoch Done\n",
      " \n",
      " \n",
      "EPOCH NO : 20 TRANING\n",
      "Transition Matrix\n",
      "[[8.19755093e-01 6.76417044e-02 1.12793691e-01 1.88460527e-08\n",
      "  1.00617587e-17]\n",
      " [1.62143951e-10 8.78659529e-01 3.62471892e-06 1.21286299e-01\n",
      "  5.18884302e-23]\n",
      " [3.56152591e-15 2.07297507e-01 7.98001470e-01 1.26589375e-19\n",
      "  3.82423900e-24]\n",
      " [1.26565456e-01 8.42899853e-09 1.37083637e-09 6.28547559e-01\n",
      "  2.26670286e-01]\n",
      " [1.81889412e-01 1.77339230e-11 1.82422273e-23 7.77238671e-18\n",
      "  8.26433947e-01]]\n",
      "Emmission Matrix\n",
      "[[1.49517100e-04 7.86604225e-02 5.75675863e-03 2.31865340e-04\n",
      "  9.15201436e-01]\n",
      " [1.49898513e-02 9.46331261e-01 7.28911351e-03 3.13816526e-02\n",
      "  8.12171069e-06]\n",
      " [9.66677111e-01 2.43260510e-02 1.11371706e-03 6.91484167e-03\n",
      "  9.68279356e-04]\n",
      " [6.64330800e-06 9.03493213e-03 9.87057039e-01 2.78387031e-03\n",
      "  1.11751544e-03]\n",
      " [1.47982799e-07 5.84916605e-04 1.25891564e-02 9.84935227e-01\n",
      "  1.89055150e-03]]\n",
      "Traning Epoch Done\n",
      " \n",
      " \n",
      "EPOCH NO : 21 TRANING\n",
      "Transition Matrix\n",
      "[[8.15676361e-01 7.12219519e-02 1.13425217e-01 3.63318419e-10\n",
      "  5.09742286e-20]\n",
      " [1.94571983e-12 8.60041241e-01 1.22923915e-06 1.42555567e-01\n",
      "  2.00097434e-25]\n",
      " [3.03099523e-17 1.80532127e-01 8.39025170e-01 5.33869452e-22\n",
      "  3.84236159e-27]\n",
      " [8.83846138e-02 1.11274272e-09 3.31687039e-11 7.17968448e-01\n",
      "  1.98358259e-01]\n",
      " [1.83953617e-01 2.25329235e-11 1.90673310e-25 5.16585187e-20\n",
      "  8.14346329e-01]]\n",
      "Emmission Matrix\n",
      "[[1.19583675e-04 7.46659860e-02 4.09595693e-03 2.19444837e-04\n",
      "  9.20899029e-01]\n",
      " [6.62865775e-03 9.49985992e-01 8.56091418e-03 3.48216321e-02\n",
      "  2.80373572e-06]\n",
      " [9.67221060e-01 2.46612377e-02 1.08371910e-03 6.64427372e-03\n",
      "  3.89709708e-04]\n",
      " [3.06192103e-06 7.25499667e-03 9.89819243e-01 1.91383293e-03\n",
      "  1.00886518e-03]\n",
      " [7.05581490e-08 4.78821748e-04 1.04601963e-02 9.87753895e-01\n",
      "  1.30701601e-03]]\n",
      "Traning Epoch Done\n",
      " \n",
      " \n",
      "EPOCH NO : 22 TRANING\n",
      "Transition Matrix\n",
      "[[8.12090365e-01 7.30872878e-02 1.15274973e-01 5.07983935e-12\n",
      "  1.85589471e-22]\n",
      " [2.05241813e-14 8.16961404e-01 4.61960333e-07 1.90848081e-01\n",
      "  5.87499279e-28]\n",
      " [2.43062551e-19 1.62223224e-01 8.51790502e-01 2.27698526e-24\n",
      "  2.97062478e-30]\n",
      " [5.90771641e-02 1.61875336e-10 6.29959728e-13 7.65122779e-01\n",
      "  1.85289418e-01]\n",
      " [1.86181983e-01 3.26434669e-11 2.04491612e-27 2.40604386e-22\n",
      "  8.11986695e-01]]\n",
      "Emmission Matrix\n",
      "[[9.58584005e-05 7.13960695e-02 3.38455705e-03 2.12235750e-04\n",
      "  9.24911279e-01]\n",
      " [2.78292337e-03 9.49256071e-01 1.03205141e-02 3.76395212e-02\n",
      "  9.70318600e-07]\n",
      " [9.67129350e-01 2.55558758e-02 1.06485299e-03 6.09496439e-03\n",
      "  1.54957262e-04]\n",
      " [1.29207478e-06 6.39145607e-03 9.91573679e-01 1.28158685e-03\n",
      "  7.51985607e-04]\n",
      " [3.22300242e-08 4.04743201e-04 8.39670757e-03 9.90232401e-01\n",
      "  9.66115863e-04]]\n",
      "Traning Epoch Done\n",
      " \n",
      " \n",
      "EPOCH NO : 23 TRANING\n"
     ]
    },
    {
     "name": "stdout",
     "output_type": "stream",
     "text": [
      "Transition Matrix\n",
      "[[8.09025660e-01 7.40063147e-02 1.17443592e-01 4.67497453e-14\n",
      "  4.78427480e-25]\n",
      " [1.95381457e-16 7.79583102e-01 1.77565297e-07 2.28569396e-01\n",
      "  1.25276751e-30]\n",
      " [2.00438689e-21 1.56888949e-01 8.47483108e-01 9.69976808e-27\n",
      "  1.73406097e-33]\n",
      " [4.51198673e-02 2.71463761e-11 9.98702011e-15 7.72999859e-01\n",
      "  1.90651550e-01]\n",
      " [1.83611036e-01 5.22054135e-11 2.28192442e-29 7.25140818e-25\n",
      "  8.18464134e-01]]\n",
      "Emmission Matrix\n",
      "[[7.90477635e-05 6.89494525e-02 3.05731157e-03 2.06999496e-04\n",
      "  9.27707189e-01]\n",
      " [1.11911443e-03 9.47055231e-01 1.22408282e-02 3.95844921e-02\n",
      "  3.34299557e-07]\n",
      " [9.66631458e-01 2.67987883e-02 1.01684150e-03 5.49130640e-03\n",
      "  6.16052568e-05]\n",
      " [5.25297849e-07 5.91786402e-03 9.92677261e-01 8.67249891e-04\n",
      "  5.37099763e-04]\n",
      " [1.49724161e-08 3.46240032e-04 6.54600871e-03 9.92364467e-01\n",
      "  7.43269135e-04]]\n",
      "Traning Epoch Done\n",
      " \n",
      " \n",
      "EPOCH NO : 24 TRANING\n",
      "Transition Matrix\n",
      "[[8.07396410e-01 7.44904165e-02 1.18369173e-01 2.77482558e-16\n",
      "  8.83286788e-28]\n",
      " [1.80641023e-18 7.79067828e-01 6.57311672e-08 2.21045939e-01\n",
      "  1.95054886e-33]\n",
      " [1.75018369e-23 1.62984271e-01 8.31748984e-01 4.06715403e-29\n",
      "  7.40147906e-37]\n",
      " [4.10303272e-02 5.22409881e-12 1.33880986e-16 7.63587272e-01\n",
      "  2.00829308e-01]\n",
      " [1.79674228e-01 9.29532129e-11 2.78843036e-31 1.49111633e-27\n",
      "  8.23498215e-01]]\n",
      "Emmission Matrix\n",
      "[[6.71549306e-05 6.69951765e-02 2.86699784e-03 2.01416953e-04\n",
      "  9.29869254e-01]\n",
      " [4.40702419e-04 9.44684015e-01 1.40843078e-02 4.07908574e-02\n",
      "  1.17587011e-07]\n",
      " [9.65907450e-01 2.81422193e-02 9.50983515e-04 4.97463195e-03\n",
      "  2.47156964e-05]\n",
      " [2.18261888e-07 5.52011021e-03 9.93486733e-01 6.01753517e-04\n",
      "  3.91184641e-04]\n",
      " [7.53090373e-09 2.97246126e-04 5.07292783e-03 9.94046328e-01\n",
      "  5.83490598e-04]]\n",
      "Traning Epoch Done\n",
      " \n",
      " \n",
      "EPOCH NO : 25 TRANING\n",
      "Transition Matrix\n",
      "[[8.07632251e-01 7.52001871e-02 1.17038329e-01 1.11927490e-18\n",
      "  1.21361190e-30]\n",
      " [1.65174350e-20 8.01451927e-01 2.33775223e-08 1.94078950e-01\n",
      "  2.27597701e-36]\n",
      " [1.58918402e-25 1.79031544e-01 8.06747695e-01 1.64802966e-31\n",
      "  2.25746999e-40]\n",
      " [4.33486438e-02 1.12664220e-12 1.54142012e-18 7.52267455e-01\n",
      "  2.04325128e-01]\n",
      " [1.77956508e-01 1.87091824e-10 3.91489960e-33 2.27210055e-30\n",
      "  8.23444416e-01]]\n",
      "Emmission Matrix\n",
      "[[5.82723937e-05 6.50432569e-02 2.74572503e-03 1.92860294e-04\n",
      "  9.31959885e-01]\n",
      " [1.75025703e-04 9.41998053e-01 1.62395919e-02 4.15872852e-02\n",
      "  4.38619216e-08]\n",
      " [9.65132265e-01 2.94169280e-02 8.96920300e-04 4.54386415e-03\n",
      "  1.00222929e-05]\n",
      " [9.58208348e-08 5.11626655e-03 9.94162988e-01 4.21392452e-04\n",
      "  2.99257269e-04]\n",
      " [4.22865594e-09 2.56883210e-04 3.97617986e-03 9.95299628e-01\n",
      "  4.67304293e-04]]\n",
      "Traning Epoch Done\n",
      " \n",
      " \n",
      "EPOCH NO : 26 TRANING\n",
      "Transition Matrix\n",
      "[[8.09232161e-01 7.62917168e-02 1.14044506e-01 3.27220942e-21\n",
      "  1.29775819e-33]\n",
      " [1.45844720e-22 8.22879247e-01 8.17134995e-09 1.73307938e-01\n",
      "  2.11043050e-39]\n",
      " [1.41199546e-27 1.99066354e-01 7.83480185e-01 6.22882026e-34\n",
      "  4.82996890e-44]\n",
      " [5.01491357e-02 2.65006771e-13 1.56987849e-20 7.42920148e-01\n",
      "  2.01375170e-01]\n",
      " [1.78489258e-01 4.22050204e-10 6.46278376e-35 2.67413074e-33\n",
      "  8.21072005e-01]]\n",
      "Emmission Matrix\n",
      "[[5.12452826e-05 6.30675435e-02 2.64803798e-03 1.80509084e-04\n",
      "  9.34052664e-01]\n",
      " [7.15604272e-05 9.38574837e-01 1.91742878e-02 4.21792976e-02\n",
      "  1.72089733e-08]\n",
      " [9.64374488e-01 3.05723390e-02 8.60175671e-04 4.18890552e-03\n",
      "  4.09195554e-06]\n",
